Time[s],u[ft/s],v[ft/s],w[ft/s],p[rad/s],q[rad/s],r[rad/s],x[ft],y[ft],z[ft],e0[rad],ex[rad],ey[rad],ez[rad]
  0.000000000000e+00,  2.100000000000e+02,  0.000000000000e+00,  0.000000000000e+00,  0.000000000000e+00,  0.000000000000e+00,  0.000000000000e+00,  0.000000000000e+00,  0.000000000000e+00, -5.000000000000e+00,  9.990482215819e-01,  0.000000000000e+00,  4.361938736534e-02,  0.000000000000e+00
  5.000000000000e-03,  2.099756088422e+02,  0.000000000000e+00,  1.602539665632e-01,  0.000000000000e+00,  0.000000000000e+00,  0.000000000000e+00,  1.045978604308e+00,  0.000000000000e+00, -5.091109101580e+00,  9.990482215819e-01,  0.000000000000e+00,  4.361938736534e-02,  0.000000000000e+00
  1.000000000000e-02,  2.099512194999e+02,  0.000000000000e+00,  3.205000183637e-01,  0.000000000000e+00,  0.000000000000e+00,  0.000000000000e+00,  2.091905554972e+00,  0.000000000000e+00, -5.181409373362e+00,  9.990482215819e-01,  0.000000000000e+00,  4.361938736534e-02,  0.000000000000e+00
  1.500000000000e-02,  2.099268319695e+02,  0.000000000000e+00,  4.807381567311e-01,  0.000000000000e+00,  0.000000000000e+00,  0.000000000000e+00,  3.137780857575e+00,  0.000000000000e+00, -5.270900855555e+00,  9.990482215819e-01,  0.000000000000e+00,  4.361938736534e-02,  0.000000000000e+00
  2.000000000000e-02,  2.099024462477e+02,  0.000000000000e+00,  6.409683829874e-01,  0.000000000000e+00,  0.000000000000e+00,  0.000000000000e+00,  4.183604517688e+00,  0.000000000000e+00, -5.359583588362e+00,  9.990482215819e-01,  0.000000000000e+00,  4.361938736534e-02,  0.000000000000e+00
  2.500000000000e-02,  2.098780623311e+02,  0.000000000000e+00,  8.011906984473e-01,  0.000000000000e+00,  0.000000000000e+00,  0.000000000000e+00,  5.229376540862e+00,  0.000000000000e+00, -5.447457611976e+00,  9.990482215819e-01,  0.000000000000e+00,  4.361938736534e-02,  0.000000000000e+00
  3.000000000000e-02,  2.098536802164e+02,  0.000000000000e+00,  9.614051044183e-01,  0.000000000000e+00,  0.000000000000e+00,  0.000000000000e+00,  6.275096932635e+00,  0.000000000000e+00, -5.534522966585e+00,  9.990482215819e-01,  0.000000000000e+00,  4.361938736534e-02,  0.000000000000e+00
  3.500000000000e-02,  2.098292999001e+02,  0.000000000000e+00,  1.121611602200e+00,  0.000000000000e+00,  0.000000000000e+00,  0.000000000000e+00,  7.320765698525e+00,  0.000000000000e+00, -5.620779692366e+00,  9.990482215819e-01,  0.000000000000e+00,  4.361938736534e-02,  0.000000000000e+00
  4.000000000000e-02,  2.098049213789e+02,  0.000000000000e+00,  1.281810193086e+00,  0.000000000000e+00,  0.000000000000e+00,  0.000000000000e+00,  8.366382844037e+00,  0.000000000000e+00, -5.706227829490e+00,  9.990482215819e-01,  0.000000000000e+00,  4.361938736534e-02,  0.000000000000e+00
  4.500000000000e-02,  2.097805446493e+02,  0.000000000000e+00,  1.442000878361e+00,  0.000000000000e+00,  0.000000000000e+00,  0.000000000000e+00,  9.411948374658e+00,  0.000000000000e+00, -5.790867418118e+00,  9.990482215819e-01,  0.000000000000e+00,  4.361938736534e-02,  0.000000000000e+00
  5.000000000000e-02,  2.097561697081e+02,  0.000000000000e+00,  1.602183659302e+00,  0.000000000000e+00,  0.000000000000e+00,  0.000000000000e+00,  1.045746229586e+01,  0.000000000000e+00, -5.874698498406e+00,  9.990482215819e-01,  0.000000000000e+00,  4.361938736534e-02,  0.000000000000e+00
  5.500000000000e-02,  2.097317965518e+02,  0.000000000000e+00,  1.762358537181e+00,  0.000000000000e+00,  0.000000000000e+00,  0.000000000000e+00,  1.150292461309e+01,  0.000000000000e+00, -5.957721110500e+00,  9.990482215819e-01,  0.000000000000e+00,  4.361938736534e-02,  0.000000000000e+00
  6.000000000000e-02,  2.097074251770e+02,  0.000000000000e+00,  1.922525513261e+00,  0.000000000000e+00,  0.000000000000e+00,  0.000000000000e+00,  1.254833533180e+01,  0.000000000000e+00, -6.039935294538e+00,  9.990482215819e-01,  0.000000000000e+00,  4.361938736534e-02,  0.000000000000e+00
  6.500000000000e-02,  2.096830555804e+02,  0.000000000000e+00,  2.082684588796e+00,  0.000000000000e+00,  0.000000000000e+00,  0.000000000000e+00,  1.359369445741e+01,  0.000000000000e+00, -6.121341090653e+00,  9.990482215819e-01,  0.000000000000e+00,  4.361938736534e-02,  0.000000000000e+00
  7.000000000000e-02,  2.096586877585e+02,  0.000000000000e+00,  2.242835765037e+00,  0.000000000000e+00,  0.000000000000e+00,  0.000000000000e+00,  1.463900199531e+01,  0.000000000000e+00, -6.201938538967e+00,  9.990482215819e-01,  0.000000000000e+00,  4.361938736534e-02,  0.000000000000e+00
  7.500000000000e-02,  2.096343217080e+02,  0.000000000000e+00,  2.402979043224e+00,  0.000000000000e+00,  0.000000000000e+00,  0.000000000000e+00,  1.568425795091e+01,  0.000000000000e+00, -6.281727679596e+00,  9.990482215819e-01,  0.000000000000e+00,  4.361938736534e-02,  0.000000000000e+00
  8.000000000000e-02,  2.096099574256e+02,  0.000000000000e+00,  2.563114424590e+00,  0.000000000000e+00,  0.000000000000e+00,  0.000000000000e+00,  1.672946232957e+01,  0.000000000000e+00, -6.360708552649e+00,  9.990482215819e-01,  0.000000000000e+00,  4.361938736534e-02,  0.000000000000e+00
  8.500000000000e-02,  2.095855949077e+02,  0.000000000000e+00,  2.723241910361e+00,  0.000000000000e+00,  0.000000000000e+00,  0.000000000000e+00,  1.777461513665e+01,  0.000000000000e+00, -6.438881198225e+00,  9.990482215819e-01,  0.000000000000e+00,  4.361938736534e-02,  0.000000000000e+00
  9.000000000000e-02,  2.095612341511e+02,  0.000000000000e+00,  2.883361501758e+00,  0.000000000000e+00,  0.000000000000e+00,  0.000000000000e+00,  1.881971637750e+01,  0.000000000000e+00, -6.516245656419e+00,  9.990482215819e-01,  0.000000000000e+00,  4.361938736534e-02,  0.000000000000e+00
  9.500000000000e-02,  2.095368751524e+02,  0.000000000000e+00,  3.043473199991e+00,  0.000000000000e+00,  0.000000000000e+00,  0.000000000000e+00,  1.986476605743e+01,  0.000000000000e+00, -6.592801967314e+00,  9.990482215819e-01,  0.000000000000e+00,  4.361938736534e-02,  0.000000000000e+00
  1.000000000000e-01,  2.095125179081e+02,  0.000000000000e+00,  3.203577006264e+00,  0.000000000000e+00,  0.000000000000e+00,  0.000000000000e+00,  2.090976418175e+01,  0.000000000000e+00, -6.668550170990e+00,  9.990482215819e-01,  0.000000000000e+00,  4.361938736534e-02,  0.000000000000e+00
  1.050000000000e-01,  2.094881624150e+02,  0.000000000000e+00,  3.363672921774e+00,  0.000000000000e+00,  0.000000000000e+00,  0.000000000000e+00,  2.195471075576e+01,  0.000000000000e+00, -6.743490307516e+00,  9.990482215819e-01,  0.000000000000e+00,  4.361938736534e-02,  0.000000000000e+00
  1.100000000000e-01,  2.094638086696e+02,  0.000000000000e+00,  3.523760947710e+00,  0.000000000000e+00,  0.000000000000e+00,  0.000000000000e+00,  2.299960578473e+01,  0.000000000000e+00, -6.817622416956e+00,  9.990482215819e-01,  0.000000000000e+00,  4.361938736534e-02,  0.000000000000e+00
  1.150000000000e-01,  2.094394566685e+02,  0.000000000000e+00,  3.683841085255e+00,  0.000000000000e+00,  0.000000000000e+00,  0.000000000000e+00,  2.404444927393e+01,  0.000000000000e+00, -6.890946539366e+00,  9.990482215819e-01,  0.000000000000e+00,  4.361938736534e-02,  0.000000000000e+00
  1.200000000000e-01,  2.094151064084e+02,  0.000000000000e+00,  3.843913335583e+00,  0.000000000000e+00,  0.000000000000e+00,  0.000000000000e+00,  2.508924122858e+01,  0.000000000000e+00, -6.963462714793e+00,  9.990482215819e-01,  0.000000000000e+00,  4.361938736534e-02,  0.000000000000e+00
  1.250000000000e-01,  2.093907578859e+02,  0.000000000000e+00,  4.003977699862e+00,  0.000000000000e+00,  0.000000000000e+00,  0.000000000000e+00,  2.613398165393e+01,  0.000000000000e+00, -7.035170983279e+00,  9.990482215819e-01,  0.000000000000e+00,  4.361938736534e-02,  0.000000000000e+00
  1.300000000000e-01,  2.093664110976e+02,  0.000000000000e+00,  4.164034179250e+00,  0.000000000000e+00,  0.000000000000e+00,  0.000000000000e+00,  2.717867055517e+01,  0.000000000000e+00, -7.106071384858e+00,  9.990482215819e-01,  0.000000000000e+00,  4.361938736534e-02,  0.000000000000e+00
  1.350000000000e-01,  2.093420660402e+02,  0.000000000000e+00,  4.324082774901e+00,  0.000000000000e+00,  0.000000000000e+00,  0.000000000000e+00,  2.822330793751e+01,  0.000000000000e+00, -7.176163959556e+00,  9.990482215819e-01,  0.000000000000e+00,  4.361938736534e-02,  0.000000000000e+00
  1.400000000000e-01,  2.093177227102e+02,  0.000000000000e+00,  4.484123487959e+00,  0.000000000000e+00,  0.000000000000e+00,  0.000000000000e+00,  2.926789380612e+01,  0.000000000000e+00, -7.245448747393e+00,  9.990482215819e-01,  0.000000000000e+00,  4.361938736534e-02,  0.000000000000e+00
  1.450000000000e-01,  2.092933811043e+02,  0.000000000000e+00,  4.644156319562e+00,  0.000000000000e+00,  0.000000000000e+00,  0.000000000000e+00,  3.031242816617e+01,  0.000000000000e+00, -7.313925788380e+00,  9.990482215819e-01,  0.000000000000e+00,  4.361938736534e-02,  0.000000000000e+00
  1.500000000000e-01,  2.092690412191e+02,  0.000000000000e+00,  4.804181270840e+00,  0.000000000000e+00,  0.000000000000e+00,  0.000000000000e+00,  3.135691102279e+01,  0.000000000000e+00, -7.381595122523e+00,  9.990482215819e-01,  0.000000000000e+00,  4.361938736534e-02,  0.000000000000e+00
  1.550000000000e-01,  2.092447030513e+02,  0.000000000000e+00,  4.964198342917e+00,  0.000000000000e+00,  0.000000000000e+00,  0.000000000000e+00,  3.240134238112e+01,  0.000000000000e+00, -7.448456789820e+00,  9.990482215819e-01,  0.000000000000e+00,  4.361938736534e-02,  0.000000000000e+00
  1.600000000000e-01,  2.092203665974e+02,  0.000000000000e+00,  5.124207536907e+00,  0.000000000000e+00,  0.000000000000e+00,  0.000000000000e+00,  3.344572224626e+01,  0.000000000000e+00, -7.514510830262e+00,  9.990482215819e-01,  0.000000000000e+00,  4.361938736534e-02,  0.000000000000e+00
  1.650000000000e-01,  2.091960318541e+02,  0.000000000000e+00,  5.284208853918e+00,  0.000000000000e+00,  0.000000000000e+00,  0.000000000000e+00,  3.449005062332e+01,  0.000000000000e+00, -7.579757283832e+00,  9.990482215819e-01,  0.000000000000e+00,  4.361938736534e-02,  0.000000000000e+00
  1.700000000000e-01,  2.091716988181e+02,  0.000000000000e+00,  5.444202295052e+00,  0.000000000000e+00,  0.000000000000e+00,  0.000000000000e+00,  3.553432751738e+01,  0.000000000000e+00, -7.644196190509e+00,  9.990482215819e-01,  0.000000000000e+00,  4.361938736534e-02,  0.000000000000e+00
  1.750000000000e-01,  2.091473674859e+02,  0.000000000000e+00,  5.604187861401e+00,  0.000000000000e+00,  0.000000000000e+00,  0.000000000000e+00,  3.657855293349e+01,  0.000000000000e+00, -7.707827590261e+00,  9.990482215819e-01,  0.000000000000e+00,  4.361938736534e-02,  0.000000000000e+00
  1.800000000000e-01,  2.091230378541e+02,  0.000000000000e+00,  5.764165554051e+00,  0.000000000000e+00,  0.000000000000e+00,  0.000000000000e+00,  3.762272687671e+01,  0.000000000000e+00, -7.770651523052e+00,  9.990482215819e-01,  0.000000000000e+00,  4.361938736534e-02,  0.000000000000e+00
  1.850000000000e-01,  2.090987099195e+02,  0.000000000000e+00,  5.924135374080e+00,  0.000000000000e+00,  0.000000000000e+00,  0.000000000000e+00,  3.866684935206e+01,  0.000000000000e+00, -7.832668028838e+00,  9.990482215819e-01,  0.000000000000e+00,  4.361938736534e-02,  0.000000000000e+00
  1.900000000000e-01,  2.090743836786e+02,  0.000000000000e+00,  6.084097322561e+00,  0.000000000000e+00,  0.000000000000e+00,  0.000000000000e+00,  3.971092036456e+01,  0.000000000000e+00, -7.893877147569e+00,  9.990482215819e-01,  0.000000000000e+00,  4.361938736534e-02,  0.000000000000e+00
  1.950000000000e-01,  2.090500591280e+02,  0.000000000000e+00,  6.244051400555e+00,  0.000000000000e+00,  0.000000000000e+00,  0.000000000000e+00,  4.075493991920e+01,  0.000000000000e+00, -7.954278919187e+00,  9.990482215819e-01,  0.000000000000e+00,  4.361938736534e-02,  0.000000000000e+00
  2.000000000000e-01,  2.090257362645e+02,  0.000000000000e+00,  6.403997609120e+00,  0.000000000000e+00,  0.000000000000e+00,  0.000000000000e+00,  4.179890802098e+01,  0.000000000000e+00, -8.013873383629e+00,  9.990482215819e-01,  0.000000000000e+00,  4.361938736534e-02,  0.000000000000e+00
  2.050000000000e-01,  2.090014150846e+02,  0.000000000000e+00,  6.563935949303e+00,  0.000000000000e+00,  0.000000000000e+00,  0.000000000000e+00,  4.284282467485e+01,  0.000000000000e+00, -8.072660580823e+00,  9.990482215819e-01,  0.000000000000e+00,  4.361938736534e-02,  0.000000000000e+00
  2.100000000000e-01,  2.089770955849e+02,  0.000000000000e+00,  6.723866422148e+00,  0.000000000000e+00,  0.000000000000e+00,  0.000000000000e+00,  4.388668988577e+01,  0.000000000000e+00, -8.130640550692e+00,  9.990482215819e-01,  0.000000000000e+00,  4.361938736534e-02,  0.000000000000e+00
  2.150000000000e-01,  2.089527777621e+02,  0.000000000000e+00,  6.883789028686e+00,  0.000000000000e+00,  0.000000000000e+00,  0.000000000000e+00,  4.493050365866e+01,  0.000000000000e+00, -8.187813333152e+00,  9.990482215819e-01,  0.000000000000e+00,  4.361938736534e-02,  0.000000000000e+00
  2.200000000000e-01,  2.089284616129e+02,  0.000000000000e+00,  7.043703769946e+00,  0.000000000000e+00,  0.000000000000e+00,  0.000000000000e+00,  4.597426599844e+01,  0.000000000000e+00, -8.244178968113e+00,  9.990482215819e-01,  0.000000000000e+00,  4.361938736534e-02,  0.000000000000e+00
  2.250000000000e-01,  2.089041471337e+02,  0.000000000000e+00,  7.203610646946e+00,  0.000000000000e+00,  0.000000000000e+00,  0.000000000000e+00,  4.701797691002e+01,  0.000000000000e+00, -8.299737495477e+00,  9.990482215819e-01,  0.000000000000e+00,  4.361938736534e-02,  0.000000000000e+00
  2.300000000000e-01,  2.088798343214e+02,  0.000000000000e+00,  7.363509660697e+00,  0.000000000000e+00,  0.000000000000e+00,  0.000000000000e+00,  4.806163639827e+01,  0.000000000000e+00, -8.354488955140e+00,  9.990482215819e-01,  0.000000000000e+00,  4.361938736534e-02,  0.000000000000e+00
  2.350000000000e-01,  2.088555231725e+02,  0.000000000000e+00,  7.523400812205e+00,  0.000000000000e+00,  0.000000000000e+00,  0.000000000000e+00,  4.910524446807e+01,  0.000000000000e+00, -8.408433386992e+00,  9.990482215819e-01,  0.000000000000e+00,  4.361938736534e-02,  0.000000000000e+00
  2.400000000000e-01,  2.088312136837e+02,  0.000000000000e+00,  7.683284102466e+00,  0.000000000000e+00,  0.000000000000e+00,  0.000000000000e+00,  5.014880112426e+01,  0.000000000000e+00, -8.461570830916e+00,  9.990482215819e-01,  0.000000000000e+00,  4.361938736534e-02,  0.000000000000e+00
  2.450000000000e-01,  2.088069058516e+02,  0.000000000000e+00,  7.843159532469e+00,  0.000000000000e+00,  0.000000000000e+00,  0.000000000000e+00,  5.119230637168e+01,  0.000000000000e+00, -8.513901326790e+00,  9.990482215819e-01,  0.000000000000e+00,  4.361938736534e-02,  0.000000000000e+00
  2.500000000000e-01,  2.087825996727e+02,  0.000000000000e+00,  8.003027103197e+00,  0.000000000000e+00,  0.000000000000e+00,  0.000000000000e+00,  5.223576021515e+01,  0.000000000000e+00, -8.565424914483e+00,  9.990482215819e-01,  0.000000000000e+00,  4.361938736534e-02,  0.000000000000e+00
  2.550000000000e-01,  2.087582951439e+02,  0.000000000000e+00,  8.162886815624e+00,  0.000000000000e+00,  0.000000000000e+00,  0.000000000000e+00,  5.327916265947e+01,  0.000000000000e+00, -8.616141633861e+00,  9.990482215819e-01,  0.000000000000e+00,  4.361938736534e-02,  0.000000000000e+00
  2.600000000000e-01,  2.087339922617e+02,  0.000000000000e+00,  8.322738670718e+00,  0.000000000000e+00,  0.000000000000e+00,  0.000000000000e+00,  5.432251370943e+01,  0.000000000000e+00, -8.666051524780e+00,  9.990482215819e-01,  0.000000000000e+00,  4.361938736534e-02,  0.000000000000e+00
  2.650000000000e-01,  2.087096910227e+02,  0.000000000000e+00,  8.482582669438e+00,  0.000000000000e+00,  0.000000000000e+00,  0.000000000000e+00,  5.536581336979e+01,  0.000000000000e+00, -8.715154627092e+00,  9.990482215819e-01,  0.000000000000e+00,  4.361938736534e-02,  0.000000000000e+00
  2.700000000000e-01,  2.086853914235e+02,  0.000000000000e+00,  8.642418812736e+00,  0.000000000000e+00,  0.000000000000e+00,  0.000000000000e+00,  5.640906164531e+01,  0.000000000000e+00, -8.763450980643e+00,  9.990482215819e-01,  0.000000000000e+00,  4.361938736534e-02,  0.000000000000e+00
  2.750000000000e-01,  2.086610934610e+02,  0.000000000000e+00,  8.802247101559e+00,  0.000000000000e+00,  0.000000000000e+00,  0.000000000000e+00,  5.745225854073e+01,  0.000000000000e+00, -8.810940625272e+00,  9.990482215819e-01,  0.000000000000e+00,  4.361938736534e-02,  0.000000000000e+00
  2.800000000000e-01,  2.086367971315e+02,  0.000000000000e+00,  8.962067536842e+00,  0.000000000000e+00,  0.000000000000e+00,  0.000000000000e+00,  5.849540406076e+01,  0.000000000000e+00, -8.857623600813e+00,  9.990482215819e-01,  0.000000000000e+00,  4.361938736534e-02,  0.000000000000e+00
  2.850000000000e-01,  2.086125024319e+02,  0.000000000000e+00,  9.121880119517e+00,  0.000000000000e+00,  0.000000000000e+00,  0.000000000000e+00,  5.953849821011e+01,  0.000000000000e+00, -8.903499947091e+00,  9.990482215819e-01,  0.000000000000e+00,  4.361938736534e-02,  0.000000000000e+00
  2.900000000000e-01,  2.085882093587e+02,  0.000000000000e+00,  9.281684850506e+00,  0.000000000000e+00,  0.000000000000e+00,  0.000000000000e+00,  6.058154099347e+01,  0.000000000000e+00, -8.948569703927e+00,  9.990482215819e-01,  0.000000000000e+00,  4.361938736534e-02,  0.000000000000e+00
  2.950000000000e-01,  2.085639179086e+02,  0.000000000000e+00,  9.441481730725e+00,  0.000000000000e+00,  0.000000000000e+00,  0.000000000000e+00,  6.162453241551e+01,  0.000000000000e+00, -8.992832911137e+00,  9.990482215819e-01,  0.000000000000e+00,  4.361938736534e-02,  0.000000000000e+00
  3.000000000000e-01,  2.085396280783e+02,  0.000000000000e+00,  9.601270761080e+00,  0.000000000000e+00,  0.000000000000e+00,  0.000000000000e+00,  6.266747248089e+01,  0.000000000000e+00, -9.036289608530e+00,  9.990482215819e-01,  0.000000000000e+00,  4.361938736534e-02,  0.000000000000e+00
  3.050000000000e-01,  2.085153398643e+02,  0.000000000000e+00,  9.761051942474e+00,  0.000000000000e+00,  0.000000000000e+00,  0.000000000000e+00,  6.371036119424e+01,  0.000000000000e+00, -9.078939835908e+00,  9.990482215819e-01,  0.000000000000e+00,  4.361938736534e-02,  0.000000000000e+00
  3.100000000000e-01,  2.084910532634e+02,  0.000000000000e+00,  9.920825275799e+00,  0.000000000000e+00,  0.000000000000e+00,  0.000000000000e+00,  6.475319856019e+01,  0.000000000000e+00, -9.120783633067e+00,  9.990482215819e-01,  0.000000000000e+00,  4.361938736534e-02,  0.000000000000e+00
  3.150000000000e-01,  2.084667682721e+02,  0.000000000000e+00,  1.008059076194e+01,  0.000000000000e+00,  0.000000000000e+00,  0.000000000000e+00,  6.579598458333e+01,  0.000000000000e+00, -9.161821039800e+00,  9.990482215819e-01,  0.000000000000e+00,  4.361938736534e-02,  0.000000000000e+00
  3.200000000000e-01,  2.084424848871e+02,  0.000000000000e+00,  1.024034840178e+01,  0.000000000000e+00,  0.000000000000e+00,  0.000000000000e+00,  6.683871926827e+01,  0.000000000000e+00, -9.202052095891e+00,  9.990482215819e-01,  0.000000000000e+00,  4.361938736534e-02,  0.000000000000e+00
  3.250000000000e-01,  2.084182031051e+02,  0.000000000000e+00,  1.040009819618e+01,  0.000000000000e+00,  0.000000000000e+00,  0.000000000000e+00,  6.788140261958e+01,  0.000000000000e+00, -9.241476841119e+00,  9.990482215819e-01,  0.000000000000e+00,  4.361938736534e-02,  0.000000000000e+00
  3.300000000000e-01,  2.083939229227e+02,  0.000000000000e+00,  1.055984014601e+01,  0.000000000000e+00,  0.000000000000e+00,  0.000000000000e+00,  6.892403464181e+01,  0.000000000000e+00, -9.280095315259e+00,  9.990482215819e-01,  0.000000000000e+00,  4.361938736534e-02,  0.000000000000e+00
  3.350000000000e-01,  2.083696443366e+02,  0.000000000000e+00,  1.071957425212e+01,  0.000000000000e+00,  0.000000000000e+00,  0.000000000000e+00,  6.996661533951e+01,  0.000000000000e+00, -9.317907558077e+00,  9.990482215819e-01,  0.000000000000e+00,  4.361938736534e-02,  0.000000000000e+00
  3.400000000000e-01,  2.083453673433e+02,  0.000000000000e+00,  1.087930051537e+01,  0.000000000000e+00,  0.000000000000e+00,  0.000000000000e+00,  7.100914471719e+01,  0.000000000000e+00, -9.354913609336e+00,  9.990482215819e-01,  0.000000000000e+00,  4.361938736534e-02,  0.000000000000e+00
  3.450000000000e-01,  2.083210919397e+02,  0.000000000000e+00,  1.103901893659e+01,  0.000000000000e+00,  0.000000000000e+00,  0.000000000000e+00,  7.205162277937e+01,  0.000000000000e+00, -9.391113508793e+00,  9.990482215819e-01,  0.000000000000e+00,  4.361938736534e-02,  0.000000000000e+00
  3.500000000000e-01,  2.082968181222e+02,  0.000000000000e+00,  1.119872951662e+01,  0.000000000000e+00,  0.000000000000e+00,  0.000000000000e+00,  7.309404953054e+01,  0.000000000000e+00, -9.426507296198e+00,  9.990482215819e-01,  0.000000000000e+00,  4.361938736534e-02,  0.000000000000e+00
  3.550000000000e-01,  2.082725458876e+02,  0.000000000000e+00,  1.135843225629e+01,  0.000000000000e+00,  0.000000000000e+00,  0.000000000000e+00,  7.413642497517e+01,  0.000000000000e+00, -9.461095011296e+00,  9.990482215819e-01,  0.000000000000e+00,  4.361938736534e-02,  0.000000000000e+00
  3.600000000000e-01,  2.082482752325e+02,  0.000000000000e+00,  1.151812715641e+01,  0.000000000000e+00,  0.000000000000e+00,  0.000000000000e+00,  7.517874911773e+01,  0.000000000000e+00, -9.494876693828e+00,  9.990482215819e-01,  0.000000000000e+00,  4.361938736534e-02,  0.000000000000e+00
  3.650000000000e-01,  2.082240061536e+02,  0.000000000000e+00,  1.167781421779e+01,  0.000000000000e+00,  0.000000000000e+00,  0.000000000000e+00,  7.622102196266e+01,  0.000000000000e+00, -9.527852383527e+00,  9.990482215819e-01,  0.000000000000e+00,  4.361938736534e-02,  0.000000000000e+00
  3.700000000000e-01,  2.081997386475e+02,  0.000000000000e+00,  1.183749344124e+01,  0.000000000000e+00,  0.000000000000e+00,  0.000000000000e+00,  7.726324351438e+01,  0.000000000000e+00, -9.560022120121e+00,  9.990482215819e-01,  0.000000000000e+00,  4.361938736534e-02,  0.000000000000e+00
  3.750000000000e-01,  2.081754727109e+02,  0.000000000000e+00,  1.199716482756e+01,  0.000000000000e+00,  0.000000000000e+00,  0.000000000000e+00,  7.830541377731e+01,  0.000000000000e+00, -9.591385943335e+00,  9.990482215819e-01,  0.000000000000e+00,  4.361938736534e-02,  0.000000000000e+00
  3.800000000000e-01,  2.081512083404e+02,  0.000000000000e+00,  1.215682837753e+01,  0.000000000000e+00,  0.000000000000e+00,  0.000000000000e+00,  7.934753275583e+01,  0.000000000000e+00, -9.621943892886e+00,  9.990482215819e-01,  0.000000000000e+00,  4.361938736534e-02,  0.000000000000e+00
  3.850000000000e-01,  2.081269455327e+02,  0.000000000000e+00,  1.231648409194e+01,  0.000000000000e+00,  0.000000000000e+00,  0.000000000000e+00,  8.038960045433e+01,  0.000000000000e+00, -9.651696008486e+00,  9.990482215819e-01,  0.000000000000e+00,  4.361938736534e-02,  0.000000000000e+00
  3.900000000000e-01,  2.081026842844e+02,  0.000000000000e+00,  1.247613197156e+01,  0.000000000000e+00,  0.000000000000e+00,  0.000000000000e+00,  8.143161687717e+01,  0.000000000000e+00, -9.680642329843e+00,  9.990482215819e-01,  0.000000000000e+00,  4.361938736534e-02,  0.000000000000e+00
  3.950000000000e-01,  2.080784245923e+02,  0.000000000000e+00,  1.263577201715e+01,  0.000000000000e+00,  0.000000000000e+00,  0.000000000000e+00,  8.247358202869e+01,  0.000000000000e+00, -9.708782896657e+00,  9.990482215819e-01,  0.000000000000e+00,  4.361938736534e-02,  0.000000000000e+00
  4.000000000000e-01,  2.080541664529e+02,  0.000000000000e+00,  1.279540422948e+01,  0.000000000000e+00,  0.000000000000e+00,  0.000000000000e+00,  8.351549591322e+01,  0.000000000000e+00, -9.736117748627e+00,  9.990482215819e-01,  0.000000000000e+00,  4.361938736534e-02,  0.000000000000e+00
  4.050000000000e-01,  2.080299098630e+02,  0.000000000000e+00,  1.295502860931e+01,  0.000000000000e+00,  0.000000000000e+00,  0.000000000000e+00,  8.455735853508e+01,  0.000000000000e+00, -9.762646925443e+00,  9.990482215819e-01,  0.000000000000e+00,  4.361938736534e-02,  0.000000000000e+00
  4.100000000000e-01,  2.080056548191e+02,  0.000000000000e+00,  1.311464515736e+01,  0.000000000000e+00,  0.000000000000e+00,  0.000000000000e+00,  8.559916989856e+01,  0.000000000000e+00, -9.788370466791e+00,  9.990482215819e-01,  0.000000000000e+00,  4.361938736534e-02,  0.000000000000e+00
  4.150000000000e-01,  2.079814013180e+02,  0.000000000000e+00,  1.327425387439e+01,  0.000000000000e+00,  0.000000000000e+00,  0.000000000000e+00,  8.664093000794e+01,  0.000000000000e+00, -9.813288412353e+00,  9.990482215819e-01,  0.000000000000e+00,  4.361938736534e-02,  0.000000000000e+00
  4.200000000000e-01,  2.079571493563e+02,  0.000000000000e+00,  1.343385476111e+01,  0.000000000000e+00,  0.000000000000e+00,  0.000000000000e+00,  8.768263886748e+01,  0.000000000000e+00, -9.837400801803e+00,  9.990482215819e-01,  0.000000000000e+00,  4.361938736534e-02,  0.000000000000e+00
  4.250000000000e-01,  2.079328989307e+02,  0.000000000000e+00,  1.359344781826e+01,  0.000000000000e+00,  0.000000000000e+00,  0.000000000000e+00,  8.872429648144e+01,  0.000000000000e+00, -9.860707674814e+00,  9.990482215819e-01,  0.000000000000e+00,  4.361938736534e-02,  0.000000000000e+00
  4.300000000000e-01,  2.079086500378e+02,  0.000000000000e+00,  1.375303304655e+01,  0.000000000000e+00,  0.000000000000e+00,  0.000000000000e+00,  8.976590285404e+01,  0.000000000000e+00, -9.883209071051e+00,  9.990482215819e-01,  0.000000000000e+00,  4.361938736534e-02,  0.000000000000e+00
  4.350000000000e-01,  2.078844026743e+02,  0.000000000000e+00,  1.391261044669e+01,  0.000000000000e+00,  0.000000000000e+00,  0.000000000000e+00,  9.080745798950e+01,  0.000000000000e+00, -9.904905030174e+00,  9.990482215819e-01,  0.000000000000e+00,  4.361938736534e-02,  0.000000000000e+00
  4.400000000000e-01,  2.078601568369e+02,  0.000000000000e+00,  1.407218001937e+01,  0.000000000000e+00,  0.000000000000e+00,  0.000000000000e+00,  9.184896189201e+01,  0.000000000000e+00, -9.925795591840e+00,  9.990482215819e-01,  0.000000000000e+00,  4.361938736534e-02,  0.000000000000e+00
  4.450000000000e-01,  2.078359125223e+02,  0.000000000000e+00,  1.423174176528e+01,  0.000000000000e+00,  0.000000000000e+00,  0.000000000000e+00,  9.289041456576e+01,  0.000000000000e+00, -9.945880795699e+00,  9.990482215819e-01,  0.000000000000e+00,  4.361938736534e-02,  0.000000000000e+00
  4.500000000000e-01,  2.078116697271e+02,  0.000000000000e+00,  1.439129568513e+01,  0.000000000000e+00,  0.000000000000e+00,  0.000000000000e+00,  9.393181601491e+01,  0.000000000000e+00, -9.965160681398e+00,  9.990482215819e-01,  0.000000000000e+00,  4.361938736534e-02,  0.000000000000e+00
  4.550000000000e-01,  2.077874284479e+02,  0.000000000000e+00,  1.455084177957e+01,  0.000000000000e+00,  0.000000000000e+00,  0.000000000000e+00,  9.497316624362e+01,  0.000000000000e+00, -9.983635288577e+00,  9.990482215819e-01,  0.000000000000e+00,  4.361938736534e-02,  0.000000000000e+00
  4.600000000000e-01,  2.077631886815e+02,  0.000000000000e+00,  1.471038004929e+01,  0.000000000000e+00,  0.000000000000e+00,  0.000000000000e+00,  9.601446525602e+01,  0.000000000000e+00, -1.000130465687e+01,  9.990482215819e-01,  0.000000000000e+00,  4.361938736534e-02,  0.000000000000e+00
  4.650000000000e-01,  2.077389504245e+02,  0.000000000000e+00,  1.486991049494e+01,  0.000000000000e+00,  0.000000000000e+00,  0.000000000000e+00,  9.705571305621e+01,  0.000000000000e+00, -1.001816882592e+01,  9.990482215819e-01,  0.000000000000e+00,  4.361938736534e-02,  0.000000000000e+00
  4.700000000000e-01,  2.077147136736e+02,  0.000000000000e+00,  1.502943311718e+01,  0.000000000000e+00,  0.000000000000e+00,  0.000000000000e+00,  9.809690964832e+01,  0.000000000000e+00, -1.003422783534e+01,  9.990482215819e-01,  0.000000000000e+00,  4.361938736534e-02,  0.000000000000e+00
  4.750000000000e-01,  2.076904784255e+02,  0.000000000000e+00,  1.518894791666e+01,  0.000000000000e+00,  0.000000000000e+00,  0.000000000000e+00,  9.913805503641e+01,  0.000000000000e+00, -1.004948172476e+01,  9.990482215819e-01,  0.000000000000e+00,  4.361938736534e-02,  0.000000000000e+00
  4.800000000000e-01,  2.076662446769e+02,  0.000000000000e+00,  1.534845489402e+01,  0.000000000000e+00,  0.000000000000e+00,  0.000000000000e+00,  1.001791492246e+02,  0.000000000000e+00, -1.006393053379e+01,  9.990482215819e-01,  0.000000000000e+00,  4.361938736534e-02,  0.000000000000e+00
  4.850000000000e-01,  2.076420124243e+02,  0.000000000000e+00,  1.550795404990e+01,  0.000000000000e+00,  0.000000000000e+00,  0.000000000000e+00,  1.012201922168e+02,  0.000000000000e+00, -1.007757430205e+01,  9.990482215819e-01,  0.000000000000e+00,  4.361938736534e-02,  0.000000000000e+00
  4.900000000000e-01,  2.076177816646e+02,  0.000000000000e+00,  1.566744538491e+01,  0.000000000000e+00,  0.000000000000e+00,  0.000000000000e+00,  1.022611840172e+02,  0.000000000000e+00, -1.009041306915e+01,  9.990482215819e-01,  0.000000000000e+00,  4.361938736534e-02,  0.000000000000e+00
  4.950000000000e-01,  2.075935523943e+02,  0.000000000000e+00,  1.582692889969e+01,  0.000000000000e+00,  0.000000000000e+00,  0.000000000000e+00,  1.033021246298e+02,  0.000000000000e+00, -1.010244687469e+01,  9.990482215819e-01,  0.000000000000e+00,  4.361938736534e-02,  0.000000000000e+00
  5.000000000000e-01,  2.075693246102e+02,  0.000000000000e+00,  1.598640459483e+01,  0.000000000000e+00,  0.000000000000e+00,  0.000000000000e+00,  1.043430140585e+02,  0.000000000000e+00, -1.011367575826e+01,  9.990482215819e-01,  0.000000000000e+00,  4.361938736534e-02,  0.000000000000e+00
  5.050000000000e-01,  2.075450983089e+02,  0.000000000000e+00,  1.614587247095e+01,  0.000000000000e+00,  0.000000000000e+00,  0.000000000000e+00,  1.053838523074e+02,  0.000000000000e+00, -1.012409975948e+01,  9.990482215819e-01,  0.000000000000e+00,  4.361938736534e-02,  0.000000000000e+00
  5.100000000000e-01,  2.075208734872e+02,  0.000000000000e+00,  1.630533252863e+01,  0.000000000000e+00,  0.000000000000e+00,  0.000000000000e+00,  1.064246393804e+02,  0.000000000000e+00, -1.013371891791e+01,  9.990482215819e-01,  0.000000000000e+00,  4.361938736534e-02,  0.000000000000e+00
  5.150000000000e-01,  2.074966501416e+02,  0.000000000000e+00,  1.646478476848e+01,  0.000000000000e+00,  0.000000000000e+00,  0.000000000000e+00,  1.074653752815e+02,  0.000000000000e+00, -1.014253327316e+01,  9.990482215819e-01,  0.000000000000e+00,  4.361938736534e-02,  0.000000000000e+00
  5.200000000000e-01,  2.074724282689e+02,  0.000000000000e+00,  1.662422919106e+01,  0.000000000000e+00,  0.000000000000e+00,  0.000000000000e+00,  1.085060600146e+02,  0.000000000000e+00, -1.015054286480e+01,  9.990482215819e-01,  0.000000000000e+00,  4.361938736534e-02,  0.000000000000e+00
  5.250000000000e-01,  2.074482078658e+02,  0.000000000000e+00,  1.678366579696e+01,  0.000000000000e+00,  0.000000000000e+00,  0.000000000000e+00,  1.095466935837e+02,  0.000000000000e+00, -1.015774773240e+01,  9.990482215819e-01,  0.000000000000e+00,  4.361938736534e-02,  0.000000000000e+00
  5.300000000000e-01,  2.074239889289e+02,  0.000000000000e+00,  1.694309458674e+01,  0.000000000000e+00,  0.000000000000e+00,  0.000000000000e+00,  1.105872759925e+02,  0.000000000000e+00, -1.016414791555e+01,  9.990482215819e-01,  0.000000000000e+00,  4.361938736534e-02,  0.000000000000e+00
  5.350000000000e-01,  2.073997714550e+02,  0.000000000000e+00,  1.710251556096e+01,  0.000000000000e+00,  0.000000000000e+00,  0.000000000000e+00,  1.116278072452e+02,  0.000000000000e+00, -1.016974345381e+01,  9.990482215819e-01,  0.000000000000e+00,  4.361938736534e-02,  0.000000000000e+00
  5.400000000000e-01,  2.073755554407e+02,  0.000000000000e+00,  1.726192872018e+01,  0.000000000000e+00,  0.000000000000e+00,  0.000000000000e+00,  1.126682873454e+02,  0.000000000000e+00, -1.017453438675e+01,  9.990482215819e-01,  0.000000000000e+00,  4.361938736534e-02,  0.000000000000e+00
  5.450000000000e-01,  2.073513408827e+02,  0.000000000000e+00,  1.742133406493e+01,  0.000000000000e+00,  0.000000000000e+00,  0.000000000000e+00,  1.137087162971e+02,  0.000000000000e+00, -1.017852075392e+01,  9.990482215819e-01,  0.000000000000e+00,  4.361938736534e-02,  0.000000000000e+00
  5.500000000000e-01,  2.073271277776e+02,  0.000000000000e+00,  1.758073159575e+01,  0.000000000000e+00,  0.000000000000e+00,  0.000000000000e+00,  1.147490941041e+02,  0.000000000000e+00, -1.018170259489e+01,  9.990482215819e-01,  0.000000000000e+00,  4.361938736534e-02,  0.000000000000e+00
  5.550000000000e-01,  2.073029161223e+02,  0.000000000000e+00,  1.774012131318e+01,  0.000000000000e+00,  0.000000000000e+00,  0.000000000000e+00,  1.157894207702e+02,  0.000000000000e+00, -1.018407994920e+01,  9.990482215819e-01,  0.000000000000e+00,  4.361938736534e-02,  0.000000000000e+00
  5.600000000000e-01,  2.072787059134e+02,  0.000000000000e+00,  1.789950321774e+01,  0.000000000000e+00,  0.000000000000e+00,  0.000000000000e+00,  1.168296962992e+02,  0.000000000000e+00, -1.018565285640e+01,  9.990482215819e-01,  0.000000000000e+00,  4.361938736534e-02,  0.000000000000e+00
  5.650000000000e-01,  2.072544971476e+02,  0.000000000000e+00,  1.805887730994e+01,  0.000000000000e+00,  0.000000000000e+00,  0.000000000000e+00,  1.178699206950e+02,  0.000000000000e+00, -1.018642135603e+01,  9.990482215819e-01,  0.000000000000e+00,  4.361938736534e-02,  0.000000000000e+00
  5.700000000000e-01,  2.072302898215e+02,  0.000000000000e+00,  1.821824359029e+01,  0.000000000000e+00,  0.000000000000e+00,  0.000000000000e+00,  1.189100939613e+02,  0.000000000000e+00, -1.018638548765e+01,  9.990482215819e-01,  0.000000000000e+00,  4.361938736534e-02,  0.000000000000e+00
  5.750000000000e-01,  2.072060839319e+02,  0.000000000000e+00,  1.837760205929e+01,  0.000000000000e+00,  0.000000000000e+00,  0.000000000000e+00,  1.199502161018e+02,  0.000000000000e+00, -1.018554529077e+01,  9.990482215819e-01,  0.000000000000e+00,  4.361938736534e-02,  0.000000000000e+00
  5.800000000000e-01,  2.071818794754e+02,  0.000000000000e+00,  1.853695271743e+01,  0.000000000000e+00,  0.000000000000e+00,  0.000000000000e+00,  1.209902871203e+02,  0.000000000000e+00, -1.018390080494e+01,  9.990482215819e-01,  0.000000000000e+00,  4.361938736534e-02,  0.000000000000e+00
  5.850000000000e-01,  2.071576764488e+02,  0.000000000000e+00,  1.869629556519e+01,  0.000000000000e+00,  0.000000000000e+00,  0.000000000000e+00,  1.220303070206e+02,  0.000000000000e+00, -1.018145206968e+01,  9.990482215819e-01,  0.000000000000e+00,  4.361938736534e-02,  0.000000000000e+00
  5.900000000000e-01,  2.071334748488e+02,  0.000000000000e+00,  1.885563060307e+01,  0.000000000000e+00,  0.000000000000e+00,  0.000000000000e+00,  1.230702758063e+02,  0.000000000000e+00, -1.017819912452e+01,  9.990482215819e-01,  0.000000000000e+00,  4.361938736534e-02,  0.000000000000e+00
  5.950000000000e-01,  2.071092746720e+02,  0.000000000000e+00,  1.901495783152e+01,  0.000000000000e+00,  0.000000000000e+00,  0.000000000000e+00,  1.241101934812e+02,  0.000000000000e+00, -1.017414200898e+01,  9.990482215819e-01,  0.000000000000e+00,  4.361938736534e-02,  0.000000000000e+00
  6.000000000000e-01,  2.070850759152e+02,  0.000000000000e+00,  1.917427725101e+01,  0.000000000000e+00,  0.000000000000e+00,  0.000000000000e+00,  1.251500600488e+02,  0.000000000000e+00, -1.016928076257e+01,  9.990482215819e-01,  0.000000000000e+00,  4.361938736534e-02,  0.000000000000e+00
  6.050000000000e-01,  2.070608785750e+02,  0.000000000000e+00,  1.933358886200e+01,  0.000000000000e+00,  0.000000000000e+00,  0.000000000000e+00,  1.261898755129e+02,  0.000000000000e+00, -1.016361542481e+01,  9.990482215819e-01,  0.000000000000e+00,  4.361938736534e-02,  0.000000000000e+00
  6.100000000000e-01,  2.070366826482e+02,  0.000000000000e+00,  1.949289266493e+01,  0.000000000000e+00,  0.000000000000e+00,  0.000000000000e+00,  1.272296398772e+02,  0.000000000000e+00, -1.015714603521e+01,  9.990482215819e-01,  0.000000000000e+00,  4.361938736534e-02,  0.000000000000e+00
  6.150000000000e-01,  2.070124881315e+02,  0.000000000000e+00,  1.965218866025e+01,  0.000000000000e+00,  0.000000000000e+00,  0.000000000000e+00,  1.282693531452e+02,  0.000000000000e+00, -1.014987263327e+01,  9.990482215819e-01,  0.000000000000e+00,  4.361938736534e-02,  0.000000000000e+00
  6.200000000000e-01,  2.069882950215e+02,  0.000000000000e+00,  1.981147684838e+01,  0.000000000000e+00,  0.000000000000e+00,  0.000000000000e+00,  1.293090153205e+02,  0.000000000000e+00, -1.014179525850e+01,  9.990482215819e-01,  0.000000000000e+00,  4.361938736534e-02,  0.000000000000e+00
  6.250000000000e-01,  2.069641033151e+02,  0.000000000000e+00,  1.997075722977e+01,  0.000000000000e+00,  0.000000000000e+00,  0.000000000000e+00,  1.303486264068e+02,  0.000000000000e+00, -1.013291395038e+01,  9.990482215819e-01,  0.000000000000e+00,  4.361938736534e-02,  0.000000000000e+00
  6.300000000000e-01,  2.069399130088e+02,  0.000000000000e+00,  2.013002980482e+01,  0.000000000000e+00,  0.000000000000e+00,  0.000000000000e+00,  1.313881864077e+02,  0.000000000000e+00, -1.012322874843e+01,  9.990482215819e-01,  0.000000000000e+00,  4.361938736534e-02,  0.000000000000e+00
  6.350000000000e-01,  2.069157240994e+02,  0.000000000000e+00,  2.028929457394e+01,  0.000000000000e+00,  0.000000000000e+00,  0.000000000000e+00,  1.324276953266e+02,  0.000000000000e+00, -1.011273969213e+01,  9.990482215819e-01,  0.000000000000e+00,  4.361938736534e-02,  0.000000000000e+00
  6.400000000000e-01,  2.068915365836e+02,  0.000000000000e+00,  2.044855153755e+01,  0.000000000000e+00,  0.000000000000e+00,  0.000000000000e+00,  1.334671531673e+02,  0.000000000000e+00, -1.010144682097e+01,  9.990482215819e-01,  0.000000000000e+00,  4.361938736534e-02,  0.000000000000e+00
  6.450000000000e-01,  2.068673504582e+02,  0.000000000000e+00,  2.060780069603e+01,  0.000000000000e+00,  0.000000000000e+00,  0.000000000000e+00,  1.345065599330e+02,  0.000000000000e+00, -1.008935017443e+01,  9.990482215819e-01,  0.000000000000e+00,  4.361938736534e-02,  0.000000000000e+00
  6.500000000000e-01,  2.068431657198e+02,  0.000000000000e+00,  2.076704204978e+01,  0.000000000000e+00,  0.000000000000e+00,  0.000000000000e+00,  1.355459156275e+02,  0.000000000000e+00, -1.007644979200e+01,  9.990482215819e-01,  0.000000000000e+00,  4.361938736534e-02,  0.000000000000e+00
  6.550000000000e-01,  2.068189823651e+02,  0.000000000000e+00,  2.092627559918e+01,  0.000000000000e+00,  0.000000000000e+00,  0.000000000000e+00,  1.365852202542e+02,  0.000000000000e+00, -1.006274571315e+01,  9.990482215819e-01,  0.000000000000e+00,  4.361938736534e-02,  0.000000000000e+00
  6.600000000000e-01,  2.067948003910e+02,  0.000000000000e+00,  2.108550134461e+01,  0.000000000000e+00,  0.000000000000e+00,  0.000000000000e+00,  1.376244738166e+02,  0.000000000000e+00, -1.004823797735e+01,  9.990482215819e-01,  0.000000000000e+00,  4.361938736534e-02,  0.000000000000e+00
  6.650000000000e-01,  2.067706197940e+02,  0.000000000000e+00,  2.124471928643e+01,  0.000000000000e+00,  0.000000000000e+00,  0.000000000000e+00,  1.386636763181e+02,  0.000000000000e+00, -1.003292662409e+01,  9.990482215819e-01,  0.000000000000e+00,  4.361938736534e-02,  0.000000000000e+00
  6.700000000000e-01,  2.067464405709e+02,  0.000000000000e+00,  2.140392942500e+01,  0.000000000000e+00,  0.000000000000e+00,  0.000000000000e+00,  1.397028277622e+02,  0.000000000000e+00, -1.001681169282e+01,  9.990482215819e-01,  0.000000000000e+00,  4.361938736534e-02,  0.000000000000e+00
  6.750000000000e-01,  2.067222627184e+02,  0.000000000000e+00,  2.156313176067e+01,  0.000000000000e+00,  0.000000000000e+00,  0.000000000000e+00,  1.407419281524e+02,  0.000000000000e+00, -9.999893223009e+00,  9.990482215819e-01,  0.000000000000e+00,  4.361938736534e-02,  0.000000000000e+00
  6.800000000000e-01,  2.066980862332e+02,  0.000000000000e+00,  2.172232629380e+01,  0.000000000000e+00,  0.000000000000e+00,  0.000000000000e+00,  1.417809774920e+02,  0.000000000000e+00, -9.982171254124e+00,  9.990482215819e-01,  0.000000000000e+00,  4.361938736534e-02,  0.000000000000e+00
  6.850000000000e-01,  2.066739111122e+02,  0.000000000000e+00,  2.188151302471e+01,  0.000000000000e+00,  0.000000000000e+00,  0.000000000000e+00,  1.428199757844e+02,  0.000000000000e+00, -9.963645825622e+00,  9.990482215819e-01,  0.000000000000e+00,  4.361938736534e-02,  0.000000000000e+00
  6.900000000000e-01,  2.066497373519e+02,  0.000000000000e+00,  2.204069195374e+01,  0.000000000000e+00,  0.000000000000e+00,  0.000000000000e+00,  1.438589230331e+02,  0.000000000000e+00, -9.944316976957e+00,  9.990482215819e-01,  0.000000000000e+00,  4.361938736534e-02,  0.000000000000e+00
  6.950000000000e-01,  2.066255649491e+02,  0.000000000000e+00,  2.219986308122e+01,  0.000000000000e+00,  0.000000000000e+00,  0.000000000000e+00,  1.448978192415e+02,  0.000000000000e+00, -9.924184747581e+00,  9.990482215819e-01,  0.000000000000e+00,  4.361938736534e-02,  0.000000000000e+00
  7.000000000000e-01,  2.066013939006e+02,  0.000000000000e+00,  2.235902640745e+01,  0.000000000000e+00,  0.000000000000e+00,  0.000000000000e+00,  1.459366644127e+02,  0.000000000000e+00, -9.903249176945e+00,  9.990482215819e-01,  0.000000000000e+00,  4.361938736534e-02,  0.000000000000e+00
  7.050000000000e-01,  2.065772242031e+02,  0.000000000000e+00,  2.251818193276e+01,  0.000000000000e+00,  0.000000000000e+00,  0.000000000000e+00,  1.469754585503e+02,  0.000000000000e+00, -9.881510304495e+00,  9.990482215819e-01,  0.000000000000e+00,  4.361938736534e-02,  0.000000000000e+00
  7.100000000000e-01,  2.065530558532e+02,  0.000000000000e+00,  2.267732965743e+01,  0.000000000000e+00,  0.000000000000e+00,  0.000000000000e+00,  1.480142016575e+02,  0.000000000000e+00, -9.858968169673e+00,  9.990482215819e-01,  0.000000000000e+00,  4.361938736534e-02,  0.000000000000e+00
  7.150000000000e-01,  2.065288888478e+02,  0.000000000000e+00,  2.283646958176e+01,  0.000000000000e+00,  0.000000000000e+00,  0.000000000000e+00,  1.490528937377e+02,  0.000000000000e+00, -9.835622811922e+00,  9.990482215819e-01,  0.000000000000e+00,  4.361938736534e-02,  0.000000000000e+00
  7.200000000000e-01,  2.065047231835e+02,  0.000000000000e+00,  2.299560170604e+01,  0.000000000000e+00,  0.000000000000e+00,  0.000000000000e+00,  1.500915347940e+02,  0.000000000000e+00, -9.811474270678e+00,  9.990482215819e-01,  0.000000000000e+00,  4.361938736534e-02,  0.000000000000e+00
  7.250000000000e-01,  2.064805588572e+02,  0.000000000000e+00,  2.315472603056e+01,  0.000000000000e+00,  0.000000000000e+00,  0.000000000000e+00,  1.511301248299e+02,  0.000000000000e+00, -9.786522585376e+00,  9.990482215819e-01,  0.000000000000e+00,  4.361938736534e-02,  0.000000000000e+00
  7.300000000000e-01,  2.064563958654e+02,  0.000000000000e+00,  2.331384255557e+01,  0.000000000000e+00,  0.000000000000e+00,  0.000000000000e+00,  1.521686638485e+02,  0.000000000000e+00, -9.760767795449e+00,  9.990482215819e-01,  0.000000000000e+00,  4.361938736534e-02,  0.000000000000e+00
  7.350000000000e-01,  2.064322342051e+02,  0.000000000000e+00,  2.347295128135e+01,  0.000000000000e+00,  0.000000000000e+00,  0.000000000000e+00,  1.532071518531e+02,  0.000000000000e+00, -9.734209940325e+00,  9.990482215819e-01,  0.000000000000e+00,  4.361938736534e-02,  0.000000000000e+00
  7.400000000000e-01,  2.064080738728e+02,  0.000000000000e+00,  2.363205220815e+01,  0.000000000000e+00,  0.000000000000e+00,  0.000000000000e+00,  1.542455888469e+02,  0.000000000000e+00, -9.706849059432e+00,  9.990482215819e-01,  0.000000000000e+00,  4.361938736534e-02,  0.000000000000e+00
  7.450000000000e-01,  2.063839148654e+02,  0.000000000000e+00,  2.379114533622e+01,  0.000000000000e+00,  0.000000000000e+00,  0.000000000000e+00,  1.552839748332e+02,  0.000000000000e+00, -9.678685192193e+00,  9.990482215819e-01,  0.000000000000e+00,  4.361938736534e-02,  0.000000000000e+00
  7.500000000000e-01,  2.063597571795e+02,  0.000000000000e+00,  2.395023066581e+01,  0.000000000000e+00,  0.000000000000e+00,  0.000000000000e+00,  1.563223098150e+02,  0.000000000000e+00, -9.649718378030e+00,  9.990482215819e-01,  0.000000000000e+00,  4.361938736534e-02,  0.000000000000e+00
  7.550000000000e-01,  2.063356008120e+02,  0.000000000000e+00,  2.410930819715e+01,  0.000000000000e+00,  0.000000000000e+00,  0.000000000000e+00,  1.573605937957e+02,  0.000000000000e+00, -9.619948656361e+00,  9.990482215819e-01,  0.000000000000e+00,  4.361938736534e-02,  0.000000000000e+00
  7.600000000000e-01,  2.063114457595e+02,  0.000000000000e+00,  2.426837793047e+01,  0.000000000000e+00,  0.000000000000e+00,  0.000000000000e+00,  1.583988267783e+02,  0.000000000000e+00, -9.589376066602e+00,  9.990482215819e-01,  0.000000000000e+00,  4.361938736534e-02,  0.000000000000e+00
  7.650000000000e-01,  2.062872920189e+02,  0.000000000000e+00,  2.442743986598e+01,  0.000000000000e+00,  0.000000000000e+00,  0.000000000000e+00,  1.594370087660e+02,  0.000000000000e+00, -9.558000648167e+00,  9.990482215819e-01,  0.000000000000e+00,  4.361938736534e-02,  0.000000000000e+00
  7.700000000000e-01,  2.062631395868e+02,  0.000000000000e+00,  2.458649400391e+01,  0.000000000000e+00,  0.000000000000e+00,  0.000000000000e+00,  1.604751397619e+02,  0.000000000000e+00, -9.525822440467e+00,  9.990482215819e-01,  0.000000000000e+00,  4.361938736534e-02,  0.000000000000e+00
  7.750000000000e-01,  2.062389884600e+02,  0.000000000000e+00,  2.474554034446e+01,  0.000000000000e+00,  0.000000000000e+00,  0.000000000000e+00,  1.615132197691e+02,  0.000000000000e+00, -9.492841482911e+00,  9.990482215819e-01,  0.000000000000e+00,  4.361938736534e-02,  0.000000000000e+00
  7.800000000000e-01,  2.062148386353e+02,  0.000000000000e+00,  2.490457888783e+01,  0.000000000000e+00,  0.000000000000e+00,  0.000000000000e+00,  1.625512487908e+02,  0.000000000000e+00, -9.459057814904e+00,  9.990482215819e-01,  0.000000000000e+00,  4.361938736534e-02,  0.000000000000e+00
  7.850000000000e-01,  2.061906901093e+02,  0.000000000000e+00,  2.506360963421e+01,  0.000000000000e+00,  0.000000000000e+00,  0.000000000000e+00,  1.635892268300e+02,  0.000000000000e+00, -9.424471475851e+00,  9.990482215819e-01,  0.000000000000e+00,  4.361938736534e-02,  0.000000000000e+00
  7.900000000000e-01,  2.061665428790e+02,  0.000000000000e+00,  2.522263258378e+01,  0.000000000000e+00,  0.000000000000e+00,  0.000000000000e+00,  1.646271538898e+02,  0.000000000000e+00, -9.389082505153e+00,  9.990482215819e-01,  0.000000000000e+00,  4.361938736534e-02,  0.000000000000e+00
  7.950000000000e-01,  2.061423969409e+02,  0.000000000000e+00,  2.538164773672e+01,  0.000000000000e+00,  0.000000000000e+00,  0.000000000000e+00,  1.656650299732e+02,  0.000000000000e+00, -9.352890942208e+00,  9.990482215819e-01,  0.000000000000e+00,  4.361938736534e-02,  0.000000000000e+00
  8.000000000000e-01,  2.061182522919e+02,  0.000000000000e+00,  2.554065509320e+01,  0.000000000000e+00,  0.000000000000e+00,  0.000000000000e+00,  1.667028550833e+02,  0.000000000000e+00, -9.315896826415e+00,  9.990482215819e-01,  0.000000000000e+00,  4.361938736534e-02,  0.000000000000e+00
  8.050000000000e-01,  2.060941089287e+02,  0.000000000000e+00,  2.569965465339e+01,  0.000000000000e+00,  0.000000000000e+00,  0.000000000000e+00,  1.677406292230e+02,  0.000000000000e+00, -9.278100197167e+00,  9.990482215819e-01,  0.000000000000e+00,  4.361938736534e-02,  0.000000000000e+00
  8.100000000000e-01,  2.060699668481e+02,  0.000000000000e+00,  2.585864641743e+01,  0.000000000000e+00,  0.000000000000e+00,  0.000000000000e+00,  1.687783523954e+02,  0.000000000000e+00, -9.239501093856e+00,  9.990482215819e-01,  0.000000000000e+00,  4.361938736534e-02,  0.000000000000e+00
  8.150000000000e-01,  2.060458260468e+02,  0.000000000000e+00,  2.601763038547e+01,  0.000000000000e+00,  0.000000000000e+00,  0.000000000000e+00,  1.698160246034e+02,  0.000000000000e+00, -9.200099555874e+00,  9.990482215819e-01,  0.000000000000e+00,  4.361938736534e-02,  0.000000000000e+00
  8.200000000000e-01,  2.060216865217e+02,  0.000000000000e+00,  2.617660655767e+01,  0.000000000000e+00,  0.000000000000e+00,  0.000000000000e+00,  1.708536458501e+02,  0.000000000000e+00, -9.159895622608e+00,  9.990482215819e-01,  0.000000000000e+00,  4.361938736534e-02,  0.000000000000e+00
  8.250000000000e-01,  2.059975482694e+02,  0.000000000000e+00,  2.633557493414e+01,  0.000000000000e+00,  0.000000000000e+00,  0.000000000000e+00,  1.718912161383e+02,  0.000000000000e+00, -9.118889333444e+00,  9.990482215819e-01,  0.000000000000e+00,  4.361938736534e-02,  0.000000000000e+00
  8.300000000000e-01,  2.059734112867e+02,  0.000000000000e+00,  2.649453551501e+01,  0.000000000000e+00,  0.000000000000e+00,  0.000000000000e+00,  1.729287354711e+02,  0.000000000000e+00, -9.077080727766e+00,  9.990482215819e-01,  0.000000000000e+00,  4.361938736534e-02,  0.000000000000e+00
  8.350000000000e-01,  2.059492755704e+02,  0.000000000000e+00,  2.665348830041e+01,  0.000000000000e+00,  0.000000000000e+00,  0.000000000000e+00,  1.739662038512e+02,  0.000000000000e+00, -9.034469844956e+00,  9.990482215819e-01,  0.000000000000e+00,  4.361938736534e-02,  0.000000000000e+00
  8.400000000000e-01,  2.059251411173e+02,  0.000000000000e+00,  2.681243329044e+01,  0.000000000000e+00,  0.000000000000e+00,  0.000000000000e+00,  1.750036212817e+02,  0.000000000000e+00, -8.991056724394e+00,  9.990482215819e-01,  0.000000000000e+00,  4.361938736534e-02,  0.000000000000e+00
  8.450000000000e-01,  2.059010079240e+02,  0.000000000000e+00,  2.697137048521e+01,  0.000000000000e+00,  0.000000000000e+00,  0.000000000000e+00,  1.760409877654e+02,  0.000000000000e+00, -8.946841405457e+00,  9.990482215819e-01,  0.000000000000e+00,  4.361938736534e-02,  0.000000000000e+00
  8.500000000000e-01,  2.058768759875e+02,  0.000000000000e+00,  2.713029988482e+01,  0.000000000000e+00,  0.000000000000e+00,  0.000000000000e+00,  1.770783033052e+02,  0.000000000000e+00, -8.901823927523e+00,  9.990482215819e-01,  0.000000000000e+00,  4.361938736534e-02,  0.000000000000e+00
  8.550000000000e-01,  2.058527453045e+02,  0.000000000000e+00,  2.728922148935e+01,  0.000000000000e+00,  0.000000000000e+00,  0.000000000000e+00,  1.781155679039e+02,  0.000000000000e+00, -8.856004329965e+00,  9.990482215819e-01,  0.000000000000e+00,  4.361938736534e-02,  0.000000000000e+00
  8.600000000000e-01,  2.058286158717e+02,  0.000000000000e+00,  2.744813529889e+01,  0.000000000000e+00,  0.000000000000e+00,  0.000000000000e+00,  1.791527815644e+02,  0.000000000000e+00, -8.809382652156e+00,  9.990482215819e-01,  0.000000000000e+00,  4.361938736534e-02,  0.000000000000e+00
  8.650000000000e-01,  2.058044876859e+02,  0.000000000000e+00,  2.760704131351e+01,  0.000000000000e+00,  0.000000000000e+00,  0.000000000000e+00,  1.801899442895e+02,  0.000000000000e+00, -8.761958933466e+00,  9.990482215819e-01,  0.000000000000e+00,  4.361938736534e-02,  0.000000000000e+00
  8.700000000000e-01,  2.057803607439e+02,  0.000000000000e+00,  2.776593953328e+01,  0.000000000000e+00,  0.000000000000e+00,  0.000000000000e+00,  1.812270560820e+02,  0.000000000000e+00, -8.713733213264e+00,  9.990482215819e-01,  0.000000000000e+00,  4.361938736534e-02,  0.000000000000e+00
  8.750000000000e-01,  2.057562350425e+02,  0.000000000000e+00,  2.792482995826e+01,  0.000000000000e+00,  0.000000000000e+00,  0.000000000000e+00,  1.822641169447e+02,  0.000000000000e+00, -8.664705530918e+00,  9.990482215819e-01,  0.000000000000e+00,  4.361938736534e-02,  0.000000000000e+00
  8.800000000000e-01,  2.057321105784e+02,  0.000000000000e+00,  2.808371258850e+01,  0.000000000000e+00,  0.000000000000e+00,  0.000000000000e+00,  1.833011268804e+02,  0.000000000000e+00, -8.614875925792e+00,  9.990482215819e-01,  0.000000000000e+00,  4.361938736534e-02,  0.000000000000e+00
  8.850000000000e-01,  2.057079873485e+02,  0.000000000000e+00,  2.824258742406e+01,  0.000000000000e+00,  0.000000000000e+00,  0.000000000000e+00,  1.843380858918e+02,  0.000000000000e+00, -8.564244437250e+00,  9.990482215819e-01,  0.000000000000e+00,  4.361938736534e-02,  0.000000000000e+00
  8.900000000000e-01,  2.056838653494e+02,  0.000000000000e+00,  2.840145446496e+01,  0.000000000000e+00,  0.000000000000e+00,  0.000000000000e+00,  1.853749939817e+02,  0.000000000000e+00, -8.512811104654e+00,  9.990482215819e-01,  0.000000000000e+00,  4.361938736534e-02,  0.000000000000e+00
  8.950000000000e-01,  2.056597445781e+02,  0.000000000000e+00,  2.856031371124e+01,  0.000000000000e+00,  0.000000000000e+00,  0.000000000000e+00,  1.864118511527e+02,  0.000000000000e+00, -8.460575967366e+00,  9.990482215819e-01,  0.000000000000e+00,  4.361938736534e-02,  0.000000000000e+00
  9.000000000000e-01,  2.056356250313e+02,  0.000000000000e+00,  2.871916516292e+01,  0.000000000000e+00,  0.000000000000e+00,  0.000000000000e+00,  1.874486574077e+02,  0.000000000000e+00, -8.407539064744e+00,  9.990482215819e-01,  0.000000000000e+00,  4.361938736534e-02,  0.000000000000e+00
  9.050000000000e-01,  2.056115067057e+02,  0.000000000000e+00,  2.887800882003e+01,  0.000000000000e+00,  0.000000000000e+00,  0.000000000000e+00,  1.884854127493e+02,  0.000000000000e+00, -8.353700436146e+00,  9.990482215819e-01,  0.000000000000e+00,  4.361938736534e-02,  0.000000000000e+00
  9.100000000000e-01,  2.055873895982e+02,  0.000000000000e+00,  2.903684468257e+01,  0.000000000000e+00,  0.000000000000e+00,  0.000000000000e+00,  1.895221171802e+02,  0.000000000000e+00, -8.299060120927e+00,  9.990482215819e-01,  0.000000000000e+00,  4.361938736534e-02,  0.000000000000e+00
  9.150000000000e-01,  2.055632737056e+02,  0.000000000000e+00,  2.919567275054e+01,  0.000000000000e+00,  0.000000000000e+00,  0.000000000000e+00,  1.905587707030e+02,  0.000000000000e+00, -8.243618158443e+00,  9.990482215819e-01,  0.000000000000e+00,  4.361938736534e-02,  0.000000000000e+00
  9.200000000000e-01,  2.055391590246e+02,  0.000000000000e+00,  2.935449302394e+01,  0.000000000000e+00,  0.000000000000e+00,  0.000000000000e+00,  1.915953733203e+02,  0.000000000000e+00, -8.187374588046e+00,  9.990482215819e-01,  0.000000000000e+00,  4.361938736534e-02,  0.000000000000e+00
  9.250000000000e-01,  2.055150455520e+02,  0.000000000000e+00,  2.951330550275e+01,  0.000000000000e+00,  0.000000000000e+00,  0.000000000000e+00,  1.926319250350e+02,  0.000000000000e+00, -8.130329449089e+00,  9.990482215819e-01,  0.000000000000e+00,  4.361938736534e-02,  0.000000000000e+00
  9.300000000000e-01,  2.054909332847e+02,  0.000000000000e+00,  2.967211018696e+01,  0.000000000000e+00,  0.000000000000e+00,  0.000000000000e+00,  1.936684258494e+02,  0.000000000000e+00, -8.072482780922e+00,  9.990482215819e-01,  0.000000000000e+00,  4.361938736534e-02,  0.000000000000e+00
  9.350000000000e-01,  2.054668222194e+02,  0.000000000000e+00,  2.983090707655e+01,  0.000000000000e+00,  0.000000000000e+00,  0.000000000000e+00,  1.947048757663e+02,  0.000000000000e+00, -8.013834622894e+00,  9.990482215819e-01,  0.000000000000e+00,  4.361938736534e-02,  0.000000000000e+00
  9.400000000000e-01,  2.054427123530e+02,  0.000000000000e+00,  2.998969617147e+01,  0.000000000000e+00,  0.000000000000e+00,  0.000000000000e+00,  1.957412747882e+02,  0.000000000000e+00, -7.954385014353e+00,  9.990482215819e-01,  0.000000000000e+00,  4.361938736534e-02,  0.000000000000e+00
  9.450000000000e-01,  2.054186036822e+02,  0.000000000000e+00,  3.014847747169e+01,  0.000000000000e+00,  0.000000000000e+00,  0.000000000000e+00,  1.967776229177e+02,  0.000000000000e+00, -7.894133994647e+00,  9.990482215819e-01,  0.000000000000e+00,  4.361938736534e-02,  0.000000000000e+00
  9.500000000000e-01,  2.053944962038e+02,  0.000000000000e+00,  3.030725097716e+01,  0.000000000000e+00,  0.000000000000e+00,  0.000000000000e+00,  1.978139201573e+02,  0.000000000000e+00, -7.833081603121e+00,  9.990482215819e-01,  0.000000000000e+00,  4.361938736534e-02,  0.000000000000e+00
  9.550000000000e-01,  2.053703899147e+02,  0.000000000000e+00,  3.046601668782e+01,  0.000000000000e+00,  0.000000000000e+00,  0.000000000000e+00,  1.988501665096e+02,  0.000000000000e+00, -7.771227879120e+00,  9.990482215819e-01,  0.000000000000e+00,  4.361938736534e-02,  0.000000000000e+00
  9.600000000000e-01,  2.053462848116e+02,  0.000000000000e+00,  3.062477460361e+01,  0.000000000000e+00,  0.000000000000e+00,  0.000000000000e+00,  1.998863619770e+02,  0.000000000000e+00, -7.708572861986e+00,  9.990482215819e-01,  0.000000000000e+00,  4.361938736534e-02,  0.000000000000e+00
  9.650000000000e-01,  2.053221808914e+02,  0.000000000000e+00,  3.078352472447e+01,  0.000000000000e+00,  0.000000000000e+00,  0.000000000000e+00,  2.009225065622e+02,  0.000000000000e+00, -7.645116591062e+00,  9.990482215819e-01,  0.000000000000e+00,  4.361938736534e-02,  0.000000000000e+00
  9.700000000000e-01,  2.052980781509e+02,  0.000000000000e+00,  3.094226705031e+01,  0.000000000000e+00,  0.000000000000e+00,  0.000000000000e+00,  2.019586002675e+02,  0.000000000000e+00, -7.580859105690e+00,  9.990482215819e-01,  0.000000000000e+00,  4.361938736534e-02,  0.000000000000e+00
  9.750000000000e-01,  2.052739765869e+02,  0.000000000000e+00,  3.110100158106e+01,  0.000000000000e+00,  0.000000000000e+00,  0.000000000000e+00,  2.029946430955e+02,  0.000000000000e+00, -7.515800445210e+00,  9.990482215819e-01,  0.000000000000e+00,  4.361938736534e-02,  0.000000000000e+00
  9.800000000000e-01,  2.052498761961e+02,  0.000000000000e+00,  3.125972831661e+01,  0.000000000000e+00,  0.000000000000e+00,  0.000000000000e+00,  2.040306350486e+02,  0.000000000000e+00, -7.449940648961e+00,  9.990482215819e-01,  0.000000000000e+00,  4.361938736534e-02,  0.000000000000e+00
  9.850000000000e-01,  2.052257769755e+02,  0.000000000000e+00,  3.141844725688e+01,  0.000000000000e+00,  0.000000000000e+00,  0.000000000000e+00,  2.050665761292e+02,  0.000000000000e+00, -7.383279756282e+00,  9.990482215819e-01,  0.000000000000e+00,  4.361938736534e-02,  0.000000000000e+00
  9.900000000000e-01,  2.052016789218e+02,  0.000000000000e+00,  3.157715840175e+01,  0.000000000000e+00,  0.000000000000e+00,  0.000000000000e+00,  2.061024663398e+02,  0.000000000000e+00, -7.315817806510e+00,  9.990482215819e-01,  0.000000000000e+00,  4.361938736534e-02,  0.000000000000e+00
  9.950000000000e-01,  2.051775820318e+02,  0.000000000000e+00,  3.173586175112e+01,  0.000000000000e+00,  0.000000000000e+00,  0.000000000000e+00,  2.071383056828e+02,  0.000000000000e+00, -7.247554838983e+00,  9.990482215819e-01,  0.000000000000e+00,  4.361938736534e-02,  0.000000000000e+00
  1.000000000000e+00,  2.051534863024e+02,  0.000000000000e+00,  3.189455730486e+01,  0.000000000000e+00,  0.000000000000e+00,  0.000000000000e+00,  2.081740941605e+02,  0.000000000000e+00, -7.178490893035e+00,  9.990482215819e-01,  0.000000000000e+00,  4.361938736534e-02,  0.000000000000e+00
  1.005000000000e+00,  2.051293917304e+02,  0.000000000000e+00,  3.205324506285e+01,  0.000000000000e+00,  0.000000000000e+00,  0.000000000000e+00,  2.092098317754e+02,  0.000000000000e+00, -7.108626008003e+00,  9.990482215819e-01,  0.000000000000e+00,  4.361938736534e-02,  0.000000000000e+00
  1.010000000000e+00,  2.051052983126e+02,  0.000000000000e+00,  3.221192502495e+01,  0.000000000000e+00,  0.000000000000e+00,  0.000000000000e+00,  2.102455185297e+02,  0.000000000000e+00, -7.037960223220e+00,  9.990482215819e-01,  0.000000000000e+00,  4.361938736534e-02,  0.000000000000e+00
  1.015000000000e+00,  2.050812060459e+02,  0.000000000000e+00,  3.237059719103e+01,  0.000000000000e+00,  0.000000000000e+00,  0.000000000000e+00,  2.112811544259e+02,  0.000000000000e+00, -6.966493578021e+00,  9.990482215819e-01,  0.000000000000e+00,  4.361938736534e-02,  0.000000000000e+00
  1.020000000000e+00,  2.050571149270e+02,  0.000000000000e+00,  3.252926156093e+01,  0.000000000000e+00,  0.000000000000e+00,  0.000000000000e+00,  2.123167394663e+02,  0.000000000000e+00, -6.894226111739e+00,  9.990482215819e-01,  0.000000000000e+00,  4.361938736534e-02,  0.000000000000e+00
  1.025000000000e+00,  2.050330249528e+02,  0.000000000000e+00,  3.268791813450e+01,  0.000000000000e+00,  0.000000000000e+00,  0.000000000000e+00,  2.133522736532e+02,  0.000000000000e+00, -6.821157863705e+00,  9.990482215819e-01,  0.000000000000e+00,  4.361938736534e-02,  0.000000000000e+00
  1.030000000000e+00,  2.050089361202e+02,  0.000000000000e+00,  3.284656691157e+01,  0.000000000000e+00,  0.000000000000e+00,  0.000000000000e+00,  2.143877569888e+02,  0.000000000000e+00, -6.747288873253e+00,  9.990482215819e-01,  0.000000000000e+00,  4.361938736534e-02,  0.000000000000e+00
  1.035000000000e+00,  2.049848484259e+02,  0.000000000000e+00,  3.300520789198e+01,  0.000000000000e+00,  0.000000000000e+00,  0.000000000000e+00,  2.154231894756e+02,  0.000000000000e+00, -6.672619179712e+00,  9.990482215819e-01,  0.000000000000e+00,  4.361938736534e-02,  0.000000000000e+00
  1.040000000000e+00,  2.049607618668e+02,  0.000000000000e+00,  3.316384107555e+01,  0.000000000000e+00,  0.000000000000e+00,  0.000000000000e+00,  2.164585711156e+02,  0.000000000000e+00, -6.597148822414e+00,  9.990482215819e-01,  0.000000000000e+00,  4.361938736534e-02,  0.000000000000e+00
  1.045000000000e+00,  2.049366764398e+02,  0.000000000000e+00,  3.332246646210e+01,  0.000000000000e+00,  0.000000000000e+00,  0.000000000000e+00,  2.174939019112e+02,  0.000000000000e+00, -6.520877840690e+00,  9.990482215819e-01,  0.000000000000e+00,  4.361938736534e-02,  0.000000000000e+00
  1.050000000000e+00,  2.049125921416e+02,  0.000000000000e+00,  3.348108405142e+01,  0.000000000000e+00,  0.000000000000e+00,  0.000000000000e+00,  2.185291818646e+02,  0.000000000000e+00, -6.443806273869e+00,  9.990482215819e-01,  0.000000000000e+00,  4.361938736534e-02,  0.000000000000e+00
  1.055000000000e+00,  2.048885089692e+02,  0.000000000000e+00,  3.363969384334e+01,  0.000000000000e+00,  0.000000000000e+00,  0.000000000000e+00,  2.195644109781e+02,  0.000000000000e+00, -6.365934161280e+00,  9.990482215819e-01,  0.000000000000e+00,  4.361938736534e-02,  0.000000000000e+00
  1.060000000000e+00,  2.048644269193e+02,  0.000000000000e+00,  3.379829583763e+01,  0.000000000000e+00,  0.000000000000e+00,  0.000000000000e+00,  2.205995892537e+02,  0.000000000000e+00, -6.287261542254e+00,  9.990482215819e-01,  0.000000000000e+00,  4.361938736534e-02,  0.000000000000e+00
  1.065000000000e+00,  2.048403459888e+02,  0.000000000000e+00,  3.395689003409e+01,  0.000000000000e+00,  0.000000000000e+00,  0.000000000000e+00,  2.216347166938e+02,  0.000000000000e+00, -6.207788456117e+00,  9.990482215819e-01,  0.000000000000e+00,  4.361938736534e-02,  0.000000000000e+00
  1.070000000000e+00,  2.048162661746e+02,  0.000000000000e+00,  3.411547643250e+01,  0.000000000000e+00,  0.000000000000e+00,  0.000000000000e+00,  2.226697933005e+02,  0.000000000000e+00, -6.127514942200e+00,  9.990482215819e-01,  0.000000000000e+00,  4.361938736534e-02,  0.000000000000e+00
  1.075000000000e+00,  2.047921874734e+02,  0.000000000000e+00,  3.427405503263e+01,  0.000000000000e+00,  0.000000000000e+00,  0.000000000000e+00,  2.237048190759e+02,  0.000000000000e+00, -6.046441039830e+00,  9.990482215819e-01,  0.000000000000e+00,  4.361938736534e-02,  0.000000000000e+00
  1.080000000000e+00,  2.047681098822e+02,  0.000000000000e+00,  3.443262583425e+01,  0.000000000000e+00,  0.000000000000e+00,  0.000000000000e+00,  2.247397940221e+02,  0.000000000000e+00, -5.964566788335e+00,  9.990482215819e-01,  0.000000000000e+00,  4.361938736534e-02,  0.000000000000e+00
  1.085000000000e+00,  2.047440333978e+02,  0.000000000000e+00,  3.459118883712e+01,  0.000000000000e+00,  0.000000000000e+00,  0.000000000000e+00,  2.257747181414e+02,  0.000000000000e+00, -5.881892227043e+00,  9.990482215819e-01,  0.000000000000e+00,  4.361938736534e-02,  0.000000000000e+00
  1.090000000000e+00,  2.047199580171e+02,  0.000000000000e+00,  3.474974404098e+01,  0.000000000000e+00,  0.000000000000e+00,  0.000000000000e+00,  2.268095914358e+02,  0.000000000000e+00, -5.798417395281e+00,  9.990482215819e-01,  0.000000000000e+00,  4.361938736534e-02,  0.000000000000e+00
  1.095000000000e+00,  2.046958837369e+02,  0.000000000000e+00,  3.490829144559e+01,  0.000000000000e+00,  0.000000000000e+00,  0.000000000000e+00,  2.278444139073e+02,  0.000000000000e+00, -5.714142332378e+00,  9.990482215819e-01,  0.000000000000e+00,  4.361938736534e-02,  0.000000000000e+00
  1.100000000000e+00,  2.046718105541e+02,  0.000000000000e+00,  3.506683105067e+01,  0.000000000000e+00,  0.000000000000e+00,  0.000000000000e+00,  2.288791855581e+02,  0.000000000000e+00, -5.629067077660e+00,  9.990482215819e-01,  0.000000000000e+00,  4.361938736534e-02,  0.000000000000e+00
  1.105000000000e+00,  2.046477384654e+02,  0.000000000000e+00,  3.522536285597e+01,  0.000000000000e+00,  0.000000000000e+00,  0.000000000000e+00,  2.299139063903e+02,  0.000000000000e+00, -5.543191670455e+00,  9.990482215819e-01,  0.000000000000e+00,  4.361938736534e-02,  0.000000000000e+00
  1.110000000000e+00,  2.046236674679e+02,  0.000000000000e+00,  3.538388686121e+01,  0.000000000000e+00,  0.000000000000e+00,  0.000000000000e+00,  2.309485764058e+02,  0.000000000000e+00, -5.456516150090e+00,  9.990482215819e-01,  0.000000000000e+00,  4.361938736534e-02,  0.000000000000e+00
  1.115000000000e+00,  2.045995975584e+02,  0.000000000000e+00,  3.554240306610e+01,  0.000000000000e+00,  0.000000000000e+00,  0.000000000000e+00,  2.319831956067e+02,  0.000000000000e+00, -5.369040555893e+00,  9.990482215819e-01,  0.000000000000e+00,  4.361938736534e-02,  0.000000000000e+00
  1.120000000000e+00,  2.045755287336e+02,  0.000000000000e+00,  3.570091147034e+01,  0.000000000000e+00,  0.000000000000e+00,  0.000000000000e+00,  2.330177639950e+02,  0.000000000000e+00, -5.280764927191e+00,  9.990482215819e-01,  0.000000000000e+00,  4.361938736534e-02,  0.000000000000e+00
  1.125000000000e+00,  2.045514609906e+02,  0.000000000000e+00,  3.585941207366e+01,  0.000000000000e+00,  0.000000000000e+00,  0.000000000000e+00,  2.340522815728e+02,  0.000000000000e+00, -5.191689303312e+00,  9.990482215819e-01,  0.000000000000e+00,  4.361938736534e-02,  0.000000000000e+00
  1.130000000000e+00,  2.045273943261e+02,  0.000000000000e+00,  3.601790487573e+01,  0.000000000000e+00,  0.000000000000e+00,  0.000000000000e+00,  2.350867483419e+02,  0.000000000000e+00, -5.101813723583e+00,  9.990482215819e-01,  0.000000000000e+00,  4.361938736534e-02,  0.000000000000e+00
  1.135000000000e+00,  2.045033287370e+02,  0.000000000000e+00,  3.617638987625e+01,  0.000000000000e+00,  0.000000000000e+00,  0.000000000000e+00,  2.361211643044e+02,  0.000000000000e+00, -5.011138227333e+00,  9.990482215819e-01,  0.000000000000e+00,  4.361938736534e-02,  0.000000000000e+00
  1.140000000000e+00,  2.044792642202e+02,  0.000000000000e+00,  3.633486707490e+01,  0.000000000000e+00,  0.000000000000e+00,  0.000000000000e+00,  2.371555294621e+02,  0.000000000000e+00, -4.919662853889e+00,  9.990482215819e-01,  0.000000000000e+00,  4.361938736534e-02,  0.000000000000e+00
  1.145000000000e+00,  2.044552007727e+02,  0.000000000000e+00,  3.649333647135e+01,  0.000000000000e+00,  0.000000000000e+00,  0.000000000000e+00,  2.381898438171e+02,  0.000000000000e+00, -4.827387642579e+00,  9.990482215819e-01,  0.000000000000e+00,  4.361938736534e-02,  0.000000000000e+00
  1.150000000000e+00,  2.044311383911e+02,  0.000000000000e+00,  3.665179806528e+01,  0.000000000000e+00,  0.000000000000e+00,  0.000000000000e+00,  2.392241073713e+02,  0.000000000000e+00, -4.734312632733e+00,  9.990482215819e-01,  0.000000000000e+00,  4.361938736534e-02,  0.000000000000e+00
  1.155000000000e+00,  2.044070770725e+02,  0.000000000000e+00,  3.681025185633e+01,  0.000000000000e+00,  0.000000000000e+00,  0.000000000000e+00,  2.402583201265e+02,  0.000000000000e+00, -4.640437863680e+00,  9.990482215819e-01,  0.000000000000e+00,  4.361938736534e-02,  0.000000000000e+00
  1.160000000000e+00,  2.043830168138e+02,  0.000000000000e+00,  3.696869784417e+01,  0.000000000000e+00,  0.000000000000e+00,  0.000000000000e+00,  2.412924820847e+02,  0.000000000000e+00, -4.545763374748e+00,  9.990482215819e-01,  0.000000000000e+00,  4.361938736534e-02,  0.000000000000e+00
  1.165000000000e+00,  2.043589576117e+02,  0.000000000000e+00,  3.712713602844e+01,  0.000000000000e+00,  0.000000000000e+00,  0.000000000000e+00,  2.423265932476e+02,  0.000000000000e+00, -4.450289205267e+00,  9.990482215819e-01,  0.000000000000e+00,  4.361938736534e-02,  0.000000000000e+00
  1.170000000000e+00,  2.043348994633e+02,  0.000000000000e+00,  3.728556640878e+01,  0.000000000000e+00,  0.000000000000e+00,  0.000000000000e+00,  2.433606536172e+02,  0.000000000000e+00, -4.354015394567e+00,  9.990482215819e-01,  0.000000000000e+00,  4.361938736534e-02,  0.000000000000e+00
  1.175000000000e+00,  2.043108423653e+02,  0.000000000000e+00,  3.744398898482e+01,  0.000000000000e+00,  0.000000000000e+00,  0.000000000000e+00,  2.443946631954e+02,  0.000000000000e+00, -4.256941981979e+00,  9.990482215819e-01,  0.000000000000e+00,  4.361938736534e-02,  0.000000000000e+00
  1.180000000000e+00,  2.042867863146e+02,  0.000000000000e+00,  3.760240375618e+01,  0.000000000000e+00,  0.000000000000e+00,  0.000000000000e+00,  2.454286219838e+02,  0.000000000000e+00, -4.159069006834e+00,  9.990482215819e-01,  0.000000000000e+00,  4.361938736534e-02,  0.000000000000e+00
  1.185000000000e+00,  2.042627313083e+02,  0.000000000000e+00,  3.776081072250e+01,  0.000000000000e+00,  0.000000000000e+00,  0.000000000000e+00,  2.464625299844e+02,  0.000000000000e+00, -4.060396508463e+00,  9.990482215819e-01,  0.000000000000e+00,  4.361938736534e-02,  0.000000000000e+00
  1.190000000000e+00,  2.042386773431e+02,  0.000000000000e+00,  3.791920988336e+01,  0.000000000000e+00,  0.000000000000e+00,  0.000000000000e+00,  2.474963871989e+02,  0.000000000000e+00, -3.960924526199e+00,  9.990482215819e-01,  0.000000000000e+00,  4.361938736534e-02,  0.000000000000e+00
  1.195000000000e+00,  2.042146244159e+02,  0.000000000000e+00,  3.807760123839e+01,  0.000000000000e+00,  0.000000000000e+00,  0.000000000000e+00,  2.485301936292e+02,  0.000000000000e+00, -3.860653099374e+00,  9.990482215819e-01,  0.000000000000e+00,  4.361938736534e-02,  0.000000000000e+00
  1.200000000000e+00,  2.041905725237e+02,  0.000000000000e+00,  3.823598478718e+01,  0.000000000000e+00,  0.000000000000e+00,  0.000000000000e+00,  2.495639492769e+02,  0.000000000000e+00, -3.759582267322e+00,  9.990482215819e-01,  0.000000000000e+00,  4.361938736534e-02,  0.000000000000e+00
  1.205000000000e+00,  2.041665216633e+02,  0.000000000000e+00,  3.839436052931e+01,  0.000000000000e+00,  0.000000000000e+00,  0.000000000000e+00,  2.505976541438e+02,  0.000000000000e+00, -3.657712069377e+00,  9.990482215819e-01,  0.000000000000e+00,  4.361938736534e-02,  0.000000000000e+00
  1.210000000000e+00,  2.041424718317e+02,  0.000000000000e+00,  3.855272846437e+01,  0.000000000000e+00,  0.000000000000e+00,  0.000000000000e+00,  2.516313082316e+02,  0.000000000000e+00, -3.555042544872e+00,  9.990482215819e-01,  0.000000000000e+00,  4.361938736534e-02,  0.000000000000e+00
  1.215000000000e+00,  2.041184230257e+02,  0.000000000000e+00,  3.871108859194e+01,  0.000000000000e+00,  0.000000000000e+00,  0.000000000000e+00,  2.526649115421e+02,  0.000000000000e+00, -3.451573733145e+00,  9.990482215819e-01,  0.000000000000e+00,  4.361938736534e-02,  0.000000000000e+00
  1.220000000000e+00,  2.040943752424e+02,  0.000000000000e+00,  3.886944091159e+01,  0.000000000000e+00,  0.000000000000e+00,  0.000000000000e+00,  2.536984640770e+02,  0.000000000000e+00, -3.347305673531e+00,  9.990482215819e-01,  0.000000000000e+00,  4.361938736534e-02,  0.000000000000e+00
  1.225000000000e+00,  2.040703284784e+02,  0.000000000000e+00,  3.902778542288e+01,  0.000000000000e+00,  0.000000000000e+00,  0.000000000000e+00,  2.547319658379e+02,  0.000000000000e+00, -3.242238405367e+00,  9.990482215819e-01,  0.000000000000e+00,  4.361938736534e-02,  0.000000000000e+00
  1.230000000000e+00,  2.040462827309e+02,  0.000000000000e+00,  3.918612212536e+01,  0.000000000000e+00,  0.000000000000e+00,  0.000000000000e+00,  2.557654168265e+02,  0.000000000000e+00, -3.136371967991e+00,  9.990482215819e-01,  0.000000000000e+00,  4.361938736534e-02,  0.000000000000e+00
  1.235000000000e+00,  2.040222379966e+02,  0.000000000000e+00,  3.934445101858e+01,  0.000000000000e+00,  0.000000000000e+00,  0.000000000000e+00,  2.567988170444e+02,  0.000000000000e+00, -3.029706400743e+00,  9.990482215819e-01,  0.000000000000e+00,  4.361938736534e-02,  0.000000000000e+00
  1.240000000000e+00,  2.039981942726e+02,  0.000000000000e+00,  3.950277210208e+01,  0.000000000000e+00,  0.000000000000e+00,  0.000000000000e+00,  2.578321664934e+02,  0.000000000000e+00, -2.922241742961e+00,  9.990482215819e-01,  0.000000000000e+00,  4.361938736534e-02,  0.000000000000e+00
  1.245000000000e+00,  2.039741515557e+02,  0.000000000000e+00,  3.966108537541e+01,  0.000000000000e+00,  0.000000000000e+00,  0.000000000000e+00,  2.588654651750e+02,  0.000000000000e+00, -2.813978033986e+00,  9.990482215819e-01,  0.000000000000e+00,  4.361938736534e-02,  0.000000000000e+00
  1.250000000000e+00,  2.039501098428e+02,  0.000000000000e+00,  3.981939083808e+01,  0.000000000000e+00,  0.000000000000e+00,  0.000000000000e+00,  2.598987130907e+02,  0.000000000000e+00, -2.704915313161e+00,  9.990482215819e-01,  0.000000000000e+00,  4.361938736534e-02,  0.000000000000e+00
  1.255000000000e+00,  2.039260691309e+02,  0.000000000000e+00,  3.997768848961e+01,  0.000000000000e+00,  0.000000000000e+00,  0.000000000000e+00,  2.609319102423e+02,  0.000000000000e+00, -2.595053619827e+00,  9.990482215819e-01,  0.000000000000e+00,  4.361938736534e-02,  0.000000000000e+00
  1.260000000000e+00,  2.039020294169e+02,  0.000000000000e+00,  4.013597832953e+01,  0.000000000000e+00,  0.000000000000e+00,  0.000000000000e+00,  2.619650566313e+02,  0.000000000000e+00, -2.484392993330e+00,  9.990482215819e-01,  0.000000000000e+00,  4.361938736534e-02,  0.000000000000e+00
  1.265000000000e+00,  2.038779906977e+02,  0.000000000000e+00,  4.029426035733e+01,  0.000000000000e+00,  0.000000000000e+00,  0.000000000000e+00,  2.629981522592e+02,  0.000000000000e+00, -2.372933473012e+00,  9.990482215819e-01,  0.000000000000e+00,  4.361938736534e-02,  0.000000000000e+00
  1.270000000000e+00,  2.038539529702e+02,  0.000000000000e+00,  4.045253457252e+01,  0.000000000000e+00,  0.000000000000e+00,  0.000000000000e+00,  2.640311971276e+02,  0.000000000000e+00, -2.260675098222e+00,  9.990482215819e-01,  0.000000000000e+00,  4.361938736534e-02,  0.000000000000e+00
  1.275000000000e+00,  2.038299162314e+02,  0.000000000000e+00,  4.061080097459e+01,  0.000000000000e+00,  0.000000000000e+00,  0.000000000000e+00,  2.650641912380e+02,  0.000000000000e+00, -2.147617908305e+00,  9.990482215819e-01,  0.000000000000e+00,  4.361938736534e-02,  0.000000000000e+00
  1.280000000000e+00,  2.038058804782e+02,  0.000000000000e+00,  4.076905956303e+01,  0.000000000000e+00,  0.000000000000e+00,  0.000000000000e+00,  2.660971345920e+02,  0.000000000000e+00, -2.033761942610e+00,  9.990482215819e-01,  0.000000000000e+00,  4.361938736534e-02,  0.000000000000e+00
  1.285000000000e+00,  2.037818457076e+02,  0.000000000000e+00,  4.092731033731e+01,  0.000000000000e+00,  0.000000000000e+00,  0.000000000000e+00,  2.671300271909e+02,  0.000000000000e+00, -1.919107240487e+00,  9.990482215819e-01,  0.000000000000e+00,  4.361938736534e-02,  0.000000000000e+00
  1.290000000000e+00,  2.037578119164e+02,  0.000000000000e+00,  4.108555329690e+01,  0.000000000000e+00,  0.000000000000e+00,  0.000000000000e+00,  2.681628690364e+02,  0.000000000000e+00, -1.803653841287e+00,  9.990482215819e-01,  0.000000000000e+00,  4.361938736534e-02,  0.000000000000e+00
  1.295000000000e+00,  2.037337791017e+02,  0.000000000000e+00,  4.124378844128e+01,  0.000000000000e+00,  0.000000000000e+00,  0.000000000000e+00,  2.691956601298e+02,  0.000000000000e+00, -1.687401784361e+00,  9.990482215819e-01,  0.000000000000e+00,  4.361938736534e-02,  0.000000000000e+00
  1.300000000000e+00,  2.037097472603e+02,  0.000000000000e+00,  4.140201576991e+01,  0.000000000000e+00,  0.000000000000e+00,  0.000000000000e+00,  2.702284004727e+02,  0.000000000000e+00, -1.570351109065e+00,  9.990482215819e-01,  0.000000000000e+00,  4.361938736534e-02,  0.000000000000e+00
  1.305000000000e+00,  2.036857163892e+02,  0.000000000000e+00,  4.156023528222e+01,  0.000000000000e+00,  0.000000000000e+00,  0.000000000000e+00,  2.712610900664e+02,  0.000000000000e+00, -1.452501854751e+00,  9.990482215819e-01,  0.000000000000e+00,  4.361938736534e-02,  0.000000000000e+00
  1.310000000000e+00,  2.036616864854e+02,  0.000000000000e+00,  4.171844697767e+01,  0.000000000000e+00,  0.000000000000e+00,  0.000000000000e+00,  2.722937289123e+02,  0.000000000000e+00, -1.333854060778e+00,  9.990482215819e-01,  0.000000000000e+00,  4.361938736534e-02,  0.000000000000e+00
  1.315000000000e+00,  2.036376575457e+02,  0.000000000000e+00,  4.187665085570e+01,  0.000000000000e+00,  0.000000000000e+00,  0.000000000000e+00,  2.733263170120e+02,  0.000000000000e+00, -1.214407766502e+00,  9.990482215819e-01,  0.000000000000e+00,  4.361938736534e-02,  0.000000000000e+00
  1.320000000000e+00,  2.036136295672e+02,  0.000000000000e+00,  4.203484691574e+01,  0.000000000000e+00,  0.000000000000e+00,  0.000000000000e+00,  2.743588543667e+02,  0.000000000000e+00, -1.094163011283e+00,  9.990482215819e-01,  0.000000000000e+00,  4.361938736534e-02,  0.000000000000e+00
  1.325000000000e+00,  2.035896025468e+02,  0.000000000000e+00,  4.219303515720e+01,  0.000000000000e+00,  0.000000000000e+00,  0.000000000000e+00,  2.753913409778e+02,  0.000000000000e+00, -9.731198344814e-01,  9.990482215819e-01,  0.000000000000e+00,  4.361938736534e-02,  0.000000000000e+00
  1.330000000000e+00,  2.035655764815e+02,  0.000000000000e+00,  4.235121557952e+01,  0.000000000000e+00,  0.000000000000e+00,  0.000000000000e+00,  2.764237768467e+02,  0.000000000000e+00, -8.512782754603e-01,  9.990482215819e-01,  0.000000000000e+00,  4.361938736534e-02,  0.000000000000e+00
  1.335000000000e+00,  2.035415513681e+02,  0.000000000000e+00,  4.250938818209e+01,  0.000000000000e+00,  0.000000000000e+00,  0.000000000000e+00,  2.774561619748e+02,  0.000000000000e+00, -7.286383735834e-01,  9.990482215819e-01,  0.000000000000e+00,  4.361938736534e-02,  0.000000000000e+00
  1.340000000000e+00,  2.035175272038e+02,  0.000000000000e+00,  4.266755296433e+01,  0.000000000000e+00,  0.000000000000e+00,  0.000000000000e+00,  2.784884963633e+02,  0.000000000000e+00, -6.052001682163e-01,  9.990482215819e-01,  0.000000000000e+00,  4.361938736534e-02,  0.000000000000e+00
  1.345000000000e+00,  2.034935039853e+02,  0.000000000000e+00,  4.282570992562e+01,  0.000000000000e+00,  0.000000000000e+00,  0.000000000000e+00,  2.795207800136e+02,  0.000000000000e+00, -4.809636987261e-01,  9.990482215819e-01,  0.000000000000e+00,  4.361938736534e-02,  0.000000000000e+00
  1.350000000000e+00,  2.034694817097e+02,  0.000000000000e+00,  4.298385906537e+01,  0.000000000000e+00,  0.000000000000e+00,  0.000000000000e+00,  2.805530129270e+02,  0.000000000000e+00, -3.559290044819e-01,  9.990482215819e-01,  0.000000000000e+00,  4.361938736534e-02,  0.000000000000e+00
  1.355000000000e+00,  2.034454603740e+02,  0.000000000000e+00,  4.314200038294e+01,  0.000000000000e+00,  0.000000000000e+00,  0.000000000000e+00,  2.815851951047e+02,  0.000000000000e+00, -2.300961248545e-01,  9.990482215819e-01,  0.000000000000e+00,  4.361938736534e-02,  0.000000000000e+00
  1.360000000000e+00,  2.034214399752e+02,  0.000000000000e+00,  4.330013387773e+01,  0.000000000000e+00,  0.000000000000e+00,  0.000000000000e+00,  2.826173265480e+02,  0.000000000000e+00, -1.034650992162e-01,  9.990482215819e-01,  0.000000000000e+00,  4.361938736534e-02,  0.000000000000e+00
  1.365000000000e+00,  2.033974205101e+02,  0.000000000000e+00,  4.345825954910e+01,  0.000000000000e+00,  0.000000000000e+00,  0.000000000000e+00,  2.836494072582e+02,  0.000000000000e+00,  2.396403305871e-02,  9.990482215819e-01,  0.000000000000e+00,  4.361938736534e-02,  0.000000000000e+00
